0.0 0.0339892 0.999978
0.0 0.0339947 0.999978
0.0 0.0340003 0.999978
0.0 0.0340058 0.999978
0.0 0.0340113 0.999978
0.0 0.0340169 0.999978
0.0 0.0340224 0.999978
0.0 0.034028 0.999978
0.0 0.0340335 0.999978
0.0 0.034039 0.999978
0.0 0.0340446 0.999978
0.0 0.0340501 0.999978
0.0 0.0340557 0.999978
0.0 0.0340612 0.999978
0.00706468 0.034068 0.999978
0.00749106 0.0340748 0.999978
0.00794296 0.0340817 0.999978
0.00842189 0.0340888 0.999978
0.00892943 0.0340959 0.999978
0.00946727 0.0341031 0.999978
0.0100372 0.0341104 0.999978
0.010641 0.0341178 0.999978
0.0112807 0.0341253 0.999978
0.0119585 0.0341329 0.999978
0.0126764 0.0341407 0.999978
0.0134368 0.0341486 0.999978
0.0142422 0.0341566 0.999978
0.0150951 0.0341648 0.999978
0.0159982 0.0341731 0.999978
0.0169545 0.0341816 0.999978
0.0179668 0.0341903 0.999978
0.0190384 0.0341992 0.999978
0.0201726 0.0342083 0.999978
0.0213729 0.0342176 0.999978
0.0226429 0.0342271 0.999978
0.0239866 0.0342369 0.999978
0.0254079 0.0342469 0.999978
0.026911 0.0342571 0.999978
0.0285005 0.0342677 0.999978
0.030181 0.0342785 0.999978
0.0319572 0.0342897 0.999978
0.0338343 0.0343012 0.999978
0.0358175 0.034313 0.999978
0.0379125 0.0343253 0.999978
0.0401248 0.0343379 0.999978
0.0424605 0.0343509 0.999978
0.0449257 0.0343644 0.999978
0.0475269 0.0343783 0.999978
0.0502708 0.0343927 0.999978
0.0531642 0.0344076 0.999978
0.0562143 0.0344231 0.999978
0.0594283 0.0344391 0.999978
0.0628137 0.0344558 0.999978
0.0663783 0.0344731 0.999978
0.0701301 0.034491 0.999978
0.0740769 0.0345097 0.999978
0.0782272 0.0345291 0.999978
0.0825891 0.0345493 0.999978
0.0871711 0.0345703 0.999978
0.0919818 0.0345922 0.999978
0.0970296 0.0346149 0.999978
0.102323 0.0346387 0.999978
0.107871 0.0346634 0.999978
0.113681 0.0346892 0.999978
0.119762 0.0347161 0.999978
0.126121 0.0347441 0.999978
0.132768 0.0347733 0.999978
0.139708 0.0348038 0.999978
0.14695 0.0348356 0.999978
0.154499 0.0348688 0.999978
0.162362 0.0349035 0.999978
0.170544 0.0349396 0.999978
0.179049 0.0349773 0.999978
0.187883 0.0350166 0.999978
0.197048 0.0350575 0.999978
0.206545 0.0351003 0.999978
0.216376 0.0351448 0.999978
0.226541 0.0351913 0.999978
0.237039 0.0352397 0.999977
0.247867 0.0352901 0.999977
0.259021 0.0353426 0.999977
0.270496 0.0353972 0.999977
0.282285 0.0354541 0.999977
0.294379 0.0355132 0.999977
0.306769 0.0355747 0.999977
0.319444 0.0356386 0.999977
0.332391 0.035705 0.999977
0.345595 0.0357739 0.999977
0.359041 0.0358454 0.999977
0.37271 0.0359196 0.999977
0.386585 0.0359964 0.999977
0.400646 0.036076 0.999977
0.414871 0.0361584 0.999977
0.429238 0.0362436 0.999977
0.443724 0.0363317 0.999977
0.458305 0.0364228 0.999977
0.472956 0.0365167 0.999977
0.487653 0.0366137 0.999977
0.50237 0.0367136 0.999977
0.517081 0.0368166 0.999977
0.53176 0.0369226 0.999977
0.546384 0.0370316 0.999977
0.560926 0.0371437 0.999977
0.575363 0.0372589 0.999977
0.58967 0.0373771 0.999977
0.603826 0.0374984 0.999977
0.617808 0.0376228 0.999977
0.631596 0.0377501 0.999977
0.64517 0.0378805 0.999977
0.658513 0.038014 0.999977
0.671608 0.0381503 0.999976
0.684439 0.0382897 0.999976
0.696994 0.038432 0.999976
0.709259 0.0385772 0.999976
0.721225 0.0387252 0.999976
0.732881 0.0388761 0.999976
0.744222 0.0390298 0.999976
0.75524 0.0391862 0.999976
0.765931 0.0393454 0.999976
0.776292 0.0395073 0.999976
0.78632 0.0396718 0.999976
0.796016 0.0398388 0.999976
0.805378 0.0400085 0.999976
0.81441 0.0401807 0.999976
0.823113 0.0403553 0.999976
0.831491 0.0405323 0.999976
0.839548 0.0407118 0.999976
0.847289 0.0408935 0.999976
0.85472 0.0410776 0.999975
0.861846 0.041264 0.999975
0.868676 0.0414525 0.999975
0.875216 0.0416432 0.999975
0.881473 0.0418361 0.999975
0.887456 0.0420311 0.999975
0.893172 0.0422281 0.999975
0.898629 0.0424271 0.999975
0.903837 0.0426282 0.999975
0.908804 0.0428311 0.999975
0.913538 0.0430361 0.999975
0.918047 0.0432429 0.999975
0.92234 0.0434515 0.999975
0.926425 0.043662 0.999975
0.930311 0.0438743 0.999975
0.934005 0.0440883 0.999974
0.937516 0.0443041 0.999974
0.940851 0.0445216 0.999974
0.944018 0.0447408 0.999974
0.947025 0.0449617 0.999974
0.949878 0.0451843 0.999974
0.952584 0.0454084 0.999974
0.955151 0.0456342 0.999974
0.957584 0.0458616 0.999974
0.95989 0.0460905 0.999974
0.962075 0.046321 0.999974
0.964146 0.046553 0.999974
0.966106 0.0467866 0.999974
0.967963 0.0470217 0.999973
0.969721 0.0472582 0.999973
0.971384 0.0474963 0.999973
0.972959 0.0477358 0.999973
0.974448 0.0479768 0.999973
0.975858 0.0482193 0.999973
0.977191 0.0484632 0.999973
0.978452 0.0487085 0.999973
0.979644 0.0489553 0.999973
0.980771 0.0492034 0.999973
0.981837 0.049453 0.999973
0.982844 0.049704 0.999973
0.983797 0.0499564 0.999973
0.984697 0.0502102 0.999972
0.985547 0.0504654 0.999972
0.986351 0.050722 0.999972
0.98711 0.0509799 0.999972
0.987828 0.0512393 0.999972
0.988506 0.0515 0.999972
0.989146 0.0517621 0.999972
0.989751 0.0520255 0.999972
0.990322 0.0522903 0.999972
0.990862 0.0525565 0.999972
0.991371 0.0528241 0.999972
0.991853 0.053093 0.999972
0.992307 0.0533633 0.999971
0.992737 0.053635 0.999971
0.993142 0.053908 0.999971
0.993082 0.0541823 0.999971
0.992674 0.0544577 0.999971
0.992241 0.0547343 0.999971
0.991784 0.0550121 0.999971
0.991299 0.0552909 0.999971
0.990787 0.0555709 0.999971
0.990245 0.0558521 0.999971
0.989672 0.0561344 0.999971
0.989065 0.0564178 0.999971
0.988423 0.0567023 0.99997
0.987745 0.0569879 0.99997
0.987027 0.0572746 0.99997
0.986268 0.0575624 0.99997
0.985466 0.0578513 0.99997
0.984618 0.0581412 0.99997
0.983721 0.0584322 0.99997
0.982774 0.0587243 0.99997
0.981772 0.0590173 0.99997
0.980714 0.0593114 0.99997
0.979596 0.0596065 0.99997
0.978416 0.0599025 0.999969
0.977168 0.0601995 0.999969
0.975851 0.0604974 0.999969
0.97446 0.0607962 0.999969
0.972992 0.0610959 0.999969
0.971443 0.0613965 0.999969
0.969808 0.0616979 0.999969
0.968083 0.0620001 0.999969
0.966263 0.0623031 0.999969
0.964344 0.0626068 0.999969
0.962321 0.0629112 0.999969
0.960189 0.0632162 0.999969
0.957942 0.0635219 0.999968
0.955575 0.0638282 0.999968
0.953082 0.064135 0.999968
0.950457 0.0644423 0.999968
0.947694 0.06475 0.999968
0.944787 0.0650581 0.999968
0.94173 0.0653665 0.999968
0.938515 0.0656752 0.999968
0.935137 0.065984 0.999968
0.931587 0.0662931 0.999968
0.92786 0.0666021 0.999968
0.923947 0.0669112 0.999967
0.919842 0.0672202 0.999967
0.915537 0.067529 0.999967
0.911025 0.0678376 0.999967
0.906298 0.0681458 0.999967
0.901348 0.0684536 0.999967
0.896169 0.0687609 0.999967
0.890753 0.0690676 0.999967
0.885092 0.0693735 0.999967
0.87918 0.0696786 0.999967
0.873009 0.0699828 0.999967
0.866574 0.0702859 0.999967
0.859866 0.0705879 0.999966
0.852881 0.0708885 0.999966
0.845613 0.0711878 0.999966
0.838056 0.0714855 0.999966
0.830206 0.0717815 0.999966
0.82206 0.0720757 0.999966
0.813612 0.0723679 0.999966
0.804862 0.0726581 0.999966
0.795807 0.072946 0.999966
0.786447 0.0732316 0.999966
0.77678 0.0735146 0.999966
0.766809 0.073795 0.999966
0.756535 0.0740726 0.999965
0.745962 0.0743472 0.999965
0.735093 0.0746187 0.999965
0.723935 0.074887 0.999965
0.712494 0.0751519 0.999965
0.700779 0.0754133 0.999965
0.688798 0.075671 0.999965
0.676562 0.0759249 0.999965
0.664083 0.0761749 0.999965
0.651374 0.0764208 0.999965
0.63845 0.0766626 0.999965
0.625325 0.0769 0.999965
0.612018 0.0771331 0.999965
0.598544 0.0773616 0.999965
0.584923 0.0775856 0.999965
0.571175 0.0778048 0.999964
0.557319 0.0780193 0.999964
0.543376 0.0782289 0.999964
0.529368 0.0784337 0.999964
0.515318 0.0786335 0.999964
0.501245 0.0788282 0.999964
0.487174 0.079018 0.999964
0.473126 0.0792026 0.999964
0.459124 0.0793822 0.999964
0.445188 0.0795567 0.999964
0.431341 0.0797261 0.999964
0.417602 0.0798905 0.999964
0.403993 0.0800497 0.999964
0.390532 0.080204 0.999964
0.377238 0.0803533 0.999964
0.364128 0.0804976 0.999964
0.351219 0.0806371 0.999964
0.338526 0.0807718 0.999964
0.326063 0.0809017 0.999964
0.313843 0.0810269 0.999964
0.301877 0.0811475 0.999964
0.290176 0.0812636 0.999964
0.278749 0.0813754 0.999964
0.267603 0.0814828 0.999963
0.256746 0.0815859 0.999963
0.246182 0.081685 0.999963
0.235917 0.08178 0.999963
0.225952 0.0818712 0.999963
0.216289 0.0819585 0.999963
0.206931 0.0820422 0.999963
0.197875 0.0821223 0.999963
0.189123 0.082199 0.999963
0.180671 0.0822723 0.999963
0.172517 0.0823423 0.999963
0.164657 0.0824093 0.999963
0.157088 0.0824732 0.999963
0.149806 0.0825342 0.999963
0.142804 0.0825925 0.999963
0.136077 0.082648 0.999963
0.12962 0.082701 0.999963
0.123426 0.0827515 0.999963
0.117488 0.0827996 0.999963
0.111799 0.0828454 0.999963
0.106354 0.0828891 0.999963
0.101143 0.0829306 0.999963
0.0961605 0.0829702 0.999963
0.0913986 0.0830078 0.999963
0.0868501 0.0830436 0.999963
0.0825076 0.0830776 0.999963
0.0783637 0.0831099 0.999963
0.0744112 0.0831407 0.999963
0.0706429 0.0831699 0.999963
0.0670517 0.0831977 0.999963
0.0636306 0.0832241 0.999963
0.0603729 0.0832492 0.999963
0.0572719 0.083273 0.999963
0.0543211 0.0832956 0.999963
0.051514 0.0833171 0.999963
0.0488445 0.0833375 0.999963
0.0463067 0.0833568 0.999963
0.0438947 0.0833752 0.999963
0.0416029 0.0833927 0.999963
0.0394259 0.0834092 0.999963
0.0373584 0.083425 0.999963
0.0353953 0.0834399 0.999963
0.0335319 0.083454 0.999963
0.0317633 0.0834675 0.999963
0.0300851 0.0834802 0.999963
0.028493 0.0834924 0.999963
0.0269829 0.0835038 0.999963
0.0255507 0.0835148 0.999963
0.0241926 0.0835251 0.999963
0.022905 0.0835349 0.999963
0.0216845 0.0835443 0.999963
0.0205276 0.0835531 0.999963
0.0194313 0.0835616 0.999963
0.0183924 0.0835695 0.999963
0.017408 0.0835771 0.999963
0.0164755 0.0835843 0.999963
0.0155922 0.0835912 0.999963
0.0147555 0.0835977 0.999963
0.013963 0.0836039 0.999963
0.0132126 0.0836097 0.999963
0.012502 0.0836153 0.999963
0.0118291 0.0836206 0.999963
0.0111921 0.0836257 0.999963
0.010589 0.0836305 0.999963
0.0100181 0.083635 0.999963
0.00947762 0.0836394 0.999963
0.00896607 0.0836435 0.999963
0.0084819 0.0836475 0.999963
0.00802367 0.0836512 0.999963
0.00759 0.0836548 0.999963
0.00717961 0.0836582 0.999963
0.00679125 0.0836614 0.999963
0.0 0.0836619 0.999963
0.0 0.0836624 0.999963
0.0 0.0836629 0.999963
0.0 0.0836633 0.999963
0.0 0.0836638 0.999963
0.0 0.0836643 0.999963
0.0 0.0836647 0.999963
0.0 0.0836652 0.999963
0.0 0.0836657 0.999963
0.0 0.0836662 0.999963
0.0 0.0836666 0.999963
0.0 0.0836671 0.999963
0.0 0.0836676 0.999963
0.0 0.083668 0.999963
0.0 0.0836685 0.999963
0.0 0.083669 0.999963
0.0 0.0836694 0.999963
0.0 0.0836699 0.999963
0.0 0.0836704 0.999963
0.0 0.0836709 0.999963
0.0 0.0836713 0.999963
0.0 0.0836718 0.999963
0.0 0.0836723 0.999963
0.0 0.0836727 0.999963
0.0 0.0836732 0.999963
0.0 0.0836737 0.999963
0.0 0.0836742 0.999963
0.0 0.0836746 0.999963
0.0 0.0836751 0.999963
0.0 0.0836756 0.999963
0.0 0.083676 0.999963
0.0 0.0836765 0.999963
0.0 0.083677 0.999963
0.0 0.0836774 0.999963
0.0 0.0836779 0.999963
0.0 0.0836784 0.999963
0.0 0.0836788 0.999963
0.0 0.0836793 0.999963
0.0 0.0836798 0.999963
0.0 0.0836803 0.999963
0.0 0.0836807 0.999963
0.0 0.0836812 0.999963
0.0 0.0836817 0.999963
0.0 0.0836821 0.999963
0.0 0.0836826 0.999963
0.0 0.0836831 0.999963
0.0 0.0836835 0.999963
0.0 0.083684 0.999963
0.0 0.0836845 0.999963
0.0 0.083685 0.999963
0.0 0.0836854 0.999963
0.0 0.0836859 0.999963
0.0 0.0836864 0.999963
0.0 0.0836868 0.999963
0.0 0.0836873 0.999963
0.0 0.0836878 0.999963
0.0 0.0836882 0.999963
0.0 0.0836887 0.999963
0.0 0.0836892 0.999963
0.0 0.0836896 0.999963
0.0 0.0836901 0.999963
0.0 0.0836906 0.999963
0.0 0.083691 0.999963
0.0 0.0836915 0.999963
0.0 0.083692 0.999963
0.0 0.0836924 0.999963
0.0 0.0836929 0.999963
0.0 0.0836934 0.999963
0.0 0.0836939 0.999963
0.0 0.0836943 0.999963
0.0 0.0836948 0.999963
0.0 0.0836953 0.999963
0.0 0.0836957 0.999963
0.0 0.0836962 0.999963
0.0 0.0836967 0.999963
0.0 0.0836971 0.999963
0.0 0.0836976 0.999963
0.0 0.0836981 0.999963
0.0 0.0836985 0.999963
0.0 0.083699 0.999963
0.0 0.0836995 0.999963
0.0 0.0836999 0.999963
0.0 0.0837004 0.999963
0.0 0.0837009 0.999963
0.0 0.0837013 0.999963
0.0 0.0837018 0.999963
0.0 0.0837023 0.999963
0.0 0.0837027 0.999963
0.0 0.0837032 0.999963
0.0 0.0837037 0.999963
0.0 0.0837041 0.999963
0.0 0.0837046 0.999963
0.0 0.0837051 0.999963
0.0 0.0837055 0.999963
0.0 0.083706 0.999963
0.0 0.0837065 0.999963
0.0 0.0837069 0.999963
0.0 0.0837074 0.999963
0.0 0.0837079 0.999963
0.0 0.0837084 0.999963
0.0 0.0837088 0.999963
0.0 0.0837093 0.999963
0.0 0.0837098 0.999963
0.0 0.0837102 0.999963
0.0 0.0837107 0.999963
0.0 0.0837112 0.999963
0.0 0.0837116 0.999963
0.0 0.0837121 0.999963
0.0 0.0837126 0.999963
0.0 0.083713 0.999963
0.0 0.0837135 0.999963
0.0 0.083714 0.999963
0.0 0.0837144 0.999963
0.0 0.0837149 0.999963
0.0 0.0837154 0.999963
0.0 0.0837158 0.999963
0.0 0.0837163 0.999963
0.0 0.0837167 0.999963
0.0 0.0837172 0.999963
0.0 0.0837177 0.999963
0.0 0.0837181 0.999963
0.0 0.0837186 0.999963
0.0 0.0837191 0.999963
0.0 0.0837195 0.999963
0.0 0.08372 0.999963
0.0 0.0837205 0.999963
0.0 0.0837209 0.999963
0.0 0.0837214 0.999963
0.0 0.0837219 0.999963
0.0 0.0837223 0.999963
0.0 0.0837228 0.999963
0.0 0.0837233 0.999963
0.0 0.0837237 0.999963
0.0 0.0837242 0.999963
0.0 0.0837247 0.999963
0.0 0.0837251 0.999963
0.0 0.0837256 0.999963
0.0 0.0837261 0.999963
0.0 0.0837265 0.999963
0.0 0.083727 0.999963
0.0 0.0837275 0.999963
0.0 0.0837279 0.999963
0.0 0.0837284 0.999963
0.0 0.0837289 0.999963
0.0 0.0837293 0.999963
0.0 0.0837298 0.999963
0.0 0.0837303 0.999963
0.0 0.0837307 0.999963
0.0 0.0837312 0.999963
0.0 0.0837316 0.999963
0.0 0.0837321 0.999963
0.0 0.0837326 0.999963
0.0 0.083733 0.999963
0.0 0.0837335 0.999963
0.0 0.083734 0.999963
0.0 0.0837344 0.999963
0.0 0.0837349 0.999963
0.0 0.0837354 0.999963
0.0 0.0837358 0.999963
0.0 0.0837363 0.999963
0.0 0.0837368 0.999963
0.0 0.0837372 0.999963
0.0 0.0837377 0.999963
0.0 0.0837382 0.999963
0.0 0.0837386 0.999963
0.0 0.0837391 0.999963
0.0 0.0837395 0.999963
0.0 0.08374 0.999963
0.0 0.0837405 0.999963
0.0 0.0837409 0.999963
0.0 0.0837414 0.999963
0.0 0.0837419 0.999963
0.0 0.0837423 0.999963
0.0 0.0837428 0.999963
0.0 0.0837433 0.999963
0.0 0.0837437 0.999963
0.0 0.0837442 0.999963
0.0 0.0837447 0.999963
0.0 0.0837451 0.999963
0.0 0.0837456 0.999963
0.0 0.083746 0.999963
0.0 0.0837465 0.999963
0.0 0.083747 0.999963
0.0 0.0837474 0.999963
0.0 0.0837479 0.999963
0.0 0.0837484 0.999963
0.0 0.0837488 0.999963
0.0 0.0837493 0.999963
0.0 0.0837498 0.999963
0.0 0.0837502 0.999963
0.0 0.0837507 0.999963
0.0 0.0837511 0.999963
0.0 0.0837516 0.999963
0.0 0.0837521 0.999963
0.0 0.0837525 0.999963
0.0 0.083753 0.999963
0.0 0.0837535 0.999963
0.0 0.0837539 0.999963
0.0 0.0837544 0.999963
0.0 0.0837548 0.999963
0.0 0.0837553 0.999963
0.0 0.0837558 0.999963
0.0 0.0837562 0.999963
0.0 0.0837567 0.999963
0.0 0.0837572 0.999963
0.0 0.0837576 0.999963
0.0 0.0837581 0.999963
0.0 0.0837585 0.999963
0.0 0.083759 0.999963
0.0 0.0837595 0.999963
0.0 0.0837599 0.999963
0.0 0.0837604 0.999963
0.0 0.0837609 0.999963
0.0 0.0837613 0.999963
0.0 0.0837618 0.999963
0.0 0.0837622 0.999963
0.0 0.0837627 0.999963
0.0 0.0837632 0.999963
0.0 0.0837636 0.999963
0.0 0.0837641 0.999963
0.0 0.0837646 0.999963
0.0 0.083765 0.999963
0.0 0.0837655 0.999963
0.0 0.0837659 0.999963
0.0 0.0837664 0.999963
0.0 0.0837669 0.999963
0.0 0.0837673 0.999963
0.0 0.0837678 0.999963
0.0 0.0837683 0.999963
0.0 0.0837687 0.999963
0.0 0.0837692 0.999963
0.0 0.0837696 0.999963
0.0 0.0837701 0.999963
0.0 0.0837706 0.999963
0.0 0.083771 0.999963
0.0 0.0837715 0.999963
0.0 0.0837719 0.999963
0.0 0.0837724 0.999963
0.0 0.0837729 0.999963
