Generation Best
0 0.522992
1 0.527832
2 0.528019
3 0.517341
4 0.524599
5 0.522346
6 0.523556
7 0.526004
8 0.517646
9 0.518413
10 0.524882
11 0.52054
12 0.522073
13 0.521041
14 0.521168
15 0.52896
16 0.527598
17 0.541531
18 0.520449
19 0.521491
20 0.52957
21 0.526673
22 0.528406
23 0.529604
24 0.528028
25 0.528036
26 0.52337
27 0.525793
28 0.523441
29 0.52722
30 0.527732
31 0.525045
32 0.525461
33 0.528051
34 0.536049
35 0.528102
36 0.527028
37 0.527048
38 0.526706
39 0.530533
40 0.52651
41 0.528165
42 0.526892
43 0.525933
44 0.525937
45 0.526007
46 0.526006
47 0.526291
48 0.528624
49 0.526226
50 0.525991
51 0.526209
52 0.526059
53 0.525967
54 0.525947
55 0.525946
56 0.526849
57 0.525954
58 0.528813
59 0.532297
60 0.531691
61 0.525948
62 0.52595
63 0.525949
64 0.525948
65 0.526187
66 0.526346
67 0.525948
68 0.580486
69 0.580477
70 0.580474
71 0.580483
72 0.583372
73 0.58336
74 0.583364
75 0.583372
76 0.583359
77 0.583355
78 0.58336
79 0.583348
80 0.583353
81 0.58335
82 0.583369
83 0.583386
84 0.583372
85 0.583362
86 0.583354
87 0.58336
88 0.583347
89 0.604508
90 0.604538
91 0.604497
92 0.604518
93 0.604496
94 0.604504
95 0.604499
96 0.604507
97 0.60456
98 0.620144
99 0.620154
100 0.62095
101 0.620917
102 0.620932
103 0.620924
104 0.620916
105 0.620929
106 0.620921
107 0.620916
108 0.62093
109 0.620924
110 0.620914
111 0.620914
112 0.620942
113 0.620941
114 0.62092
115 0.620925
116 0.620913
117 0.620934
118 0.620916
119 0.620917
120 0.620924
121 0.620921
122 0.62098
123 0.620915
124 0.620918
125 0.62093
126 0.643765
127 0.643784
128 0.643791
129 0.643804
130 0.64379
131 0.643777
132 0.643794
133 0.643779
134 0.643774
135 0.643799
136 0.643765
137 0.643826
138 0.643794
139 0.643801
140 0.646661
141 0.646646
142 0.646617
143 0.646627
144 0.646618
145 0.64662
146 0.646651
147 0.646898
148 0.646884
149 0.646626
150 0.710798
151 0.710841
152 0.710846
153 0.7108
154 0.710854
155 0.710788
156 0.710821
157 0.710805
158 0.710878
159 0.71082
160 0.710829
161 0.714221
162 0.714209
163 0.72134
164 0.721244
165 0.721269
166 0.721266
167 0.721318
168 0.72125
169 0.72129
170 0.721272
171 0.721311
172 0.721257
173 0.730961
174 0.730995
175 0.730942
176 0.730931
177 0.73101
178 0.730933
179 0.730924
180 0.730938
181 0.731008
182 0.730951
183 0.730921
184 0.730954
185 0.730925
186 0.730925
187 0.730927
188 0.730915
189 0.73096
190 0.730968
191 0.730944
192 0.730916
193 0.730929
194 0.730993
195 0.730922
196 0.730971
197 0.73098
198 0.730928
199 0.730941
200 0.730967
201 0.730947
202 0.730967
203 0.73095
204 0.73092
205 0.730945
206 0.730929
207 0.731011
208 0.730996
209 0.730943
210 0.730978
211 0.730926
212 0.730948
213 0.73093
214 0.730924
215 0.73092
216 0.730927
217 0.731002
218 0.730931
219 0.730933
220 0.730983
221 0.749501
222 0.749566
223 0.749482
224 0.75
225 0.75
226 0.75
227 0.75
228 0.75
229 0.75
230 0.75
231 0.75
232 0.75
233 0.75
234 0.75
235 0.75
236 0.75
237 0.75
238 0.75
239 0.75
240 0.75
241 0.75
242 0.75
243 0.75
244 0.75
245 0.75
246 0.75
247 0.75
248 0.75
249 0.75
250 0.75
251 0.75
252 0.75
253 0.75
254 0.75
255 0.75
256 0.75
257 0.75
258 0.75
259 0.75
260 0.75
261 0.75
262 0.75
263 0.75
264 0.75
265 0.75
266 0.75
267 0.75
268 0.75
269 0.75
270 0.75
271 0.75
272 0.75
273 0.75
274 0.75
275 0.75
276 0.75
277 0.75
278 0.75
279 0.75
280 0.75
281 0.75
282 0.75
283 0.75
284 0.75
285 0.75
286 0.75
287 0.75
288 0.75
289 0.75
290 0.75
291 0.75
292 0.75
293 0.75
294 0.75
295 0.75
296 0.75
297 0.75
298 0.75
299 0.75
300 0.75
301 0.75
302 0.75
303 0.75
304 0.75
305 0.75
306 0.75
307 0.75
308 0.75
309 0.75
310 0.75
311 0.75
312 0.75
313 0.75
314 0.75
315 0.75
316 0.75
317 0.75
318 0.75
319 0.75
320 0.75
321 0.75
322 0.75
323 0.75
324 0.75
325 0.75
326 0.75
327 0.75
328 0.75
329 0.75
330 0.75
331 0.75
332 0.75
333 0.75
334 0.75
335 0.75
336 0.75
337 0.75
338 0.75
339 0.75
340 0.75
341 0.75
342 0.75
343 0.75
344 0.75
345 0.75
346 0.75
347 0.75
348 0.75
349 0.75
350 0.75
351 0.75
352 0.75
353 0.75
354 0.75
355 0.75
356 0.75
357 0.75
358 0.75
359 0.75
360 0.75
361 0.75
362 0.75
363 0.75
364 0.75
365 0.75
366 0.75
367 0.75
368 0.75
369 0.75
370 0.75
371 0.75
372 0.75
373 0.75
374 0.75
375 0.75
376 0.75
377 0.75
378 0.75
379 0.75
380 0.75
381 0.75
382 0.75
383 0.75
384 0.75
385 0.75
386 0.75
387 0.75
388 0.75
389 0.75
390 0.75
391 0.75
392 0.75
393 0.75
394 0.75
395 0.75
396 0.75
397 0.75
398 0.75
399 0.75
400 0.75
401 0.75
402 0.75
403 0.75
404 0.75
405 0.75
406 0.75
407 0.75
408 0.75
409 0.75
410 0.75
411 0.75
412 0.75
413 0.75
414 0.75
415 0.75
416 0.75
417 0.75
418 0.75
419 0.75
420 0.75
421 0.75
422 0.75
423 0.75
424 0.75
425 0.75
426 0.75
427 0.75
428 0.75
429 0.75
430 0.75
431 0.75
432 0.75
433 0.75
434 0.75
435 0.75
436 0.75
437 0.75
438 0.75
439 0.75
440 0.75
441 0.75
442 0.75
443 0.75
444 0.75
445 0.75
446 0.75
447 0.75
448 0.75
449 0.75
450 0.75
451 0.75
452 0.75
453 0.75
454 0.75
455 0.75
456 0.75
457 0.75
458 0.75
459 0.75
460 0.75
461 0.75
462 0.75
463 0.75
464 0.75
465 0.75
466 0.75
467 0.75
468 0.75
469 0.75
470 0.75
471 0.75
472 0.75
473 0.75
474 0.75
475 0.75
476 0.75
477 0.75
478 0.75
479 0.75
480 0.75
481 0.75
482 0.75
483 0.75
484 0.75
485 0.75
486 0.75
487 0.75
488 0.75
489 0.75
490 0.75
491 0.75
492 0.75
493 0.75
494 0.75
495 0.75
496 0.75
497 0.75
498 0.75
499 0.75
500 0.75
501 0.75
502 0.75
503 0.75
504 0.75
505 0.75
506 0.75
507 0.75
508 0.75
509 0.75
510 0.75
511 0.75
512 0.75
513 0.75
514 0.75
515 0.75
516 0.75
517 0.75
518 0.75
519 0.75
520 0.75
521 0.75
522 0.75
523 0.75
524 0.75
525 0.75
526 0.75
527 0.75
528 0.75
529 0.75
530 0.75
531 0.75
532 0.75
533 0.75
534 0.75
535 0.75
536 0.75
537 0.75
538 0.75
539 0.75
540 0.75
541 0.75
542 0.75
543 0.75
544 0.75
545 0.75
546 0.75
547 0.75
548 0.75
549 0.75
550 0.75
551 0.75
552 0.75
553 0.75
554 0.75
555 0.75
556 0.75
557 0.75
558 0.75
559 0.75
560 0.75
561 0.75
562 0.75
563 0.75
564 0.75
565 0.75
566 0.75
567 0.75
568 0.75
569 0.75
570 0.75
571 0.75
572 0.75
573 0.75
574 0.75
575 0.75
576 0.75
577 0.75
578 0.75
579 0.75
580 0.75
581 0.75
582 0.75
583 0.75
584 0.75
585 0.75
586 0.75
587 0.75
588 0.75
589 0.75
590 0.75
591 0.75
592 0.75
593 0.75
594 0.75
595 0.75
596 0.75
597 0.75
598 0.75
599 0.75
600 0.75
601 0.75
602 0.75
603 0.75
604 0.75
605 0.75
606 0.75
607 0.75
608 0.75
609 0.75
610 0.75
611 0.75
612 0.75
613 0.75
614 0.75
615 0.75
616 0.75
617 0.75
618 0.75
619 0.75
620 0.75
621 0.75
622 0.75
623 0.75
624 0.75
625 0.75
626 0.75
627 0.75
628 0.75
629 0.75
630 0.75
631 0.75
632 0.75
633 0.75
634 0.75
635 0.75
636 0.75
637 0.75
638 0.75
639 0.75
640 0.75
641 0.75
642 0.75
643 0.75
644 0.75
645 0.75
646 0.75
647 0.75
648 0.75
649 0.75
650 0.75
651 0.75
652 0.75
653 0.75
654 0.75
655 0.75
656 0.75
657 0.75
658 0.75
659 0.75
660 0.75
661 0.75
662 0.75
663 0.75
664 0.75
665 0.75
666 0.75
667 0.75
668 0.75
669 0.75
670 0.75
671 0.75
672 0.75
673 0.75
674 0.75
675 0.75
676 0.75
677 0.75
678 0.75
679 0.75
680 0.75
681 0.75
682 0.75
683 0.75
684 0.75
685 0.75
686 0.75
687 0.75
688 0.75
689 0.75
690 0.75
691 0.75
692 0.75
693 0.75
694 0.75
695 0.75
696 0.75
697 0.75
698 0.75
699 0.75
700 0.75
701 0.75
702 0.75
703 0.75
704 0.75
705 0.75
706 0.75
707 0.75
708 0.75
709 0.75
710 0.75
711 0.75
712 0.75
713 0.75
714 0.75
715 0.75
716 0.75
717 0.75
718 0.75
719 0.75
720 0.75
721 0.75
722 0.75
723 0.75
724 0.75
725 0.75
726 0.75
727 0.75
728 0.75
729 0.75
730 0.75
731 0.75
732 0.75
733 0.75
734 0.75
735 0.75
736 0.75
737 0.75
738 0.75
739 0.75
740 0.75
741 0.75
742 0.75
743 0.75
744 0.75
745 0.75
746 0.75
747 0.75
748 0.75
749 0.75
750 0.75
751 0.75
752 0.75
753 0.75
754 0.75
755 0.75
756 0.75
757 0.75
758 0.75
759 0.75
760 0.75
761 0.75
762 0.75
763 0.75
764 0.75
765 0.75
766 0.75
767 0.75
768 0.75
769 0.75
770 0.75
771 0.75
772 0.75
773 0.75
774 0.75
775 0.75
776 0.75
777 0.75
778 0.75
779 0.75
780 0.75
781 0.75
782 0.75
783 0.75
784 0.75
785 0.75
786 0.75
787 0.75
788 0.75
789 0.75
790 0.75
791 0.75
792 0.75
793 0.75
794 0.75
795 0.75
796 0.75
797 0.75
798 0.75
799 0.75
800 0.75
801 0.75
802 0.75
803 0.75
804 0.75
805 0.75
806 0.75
807 0.75
808 0.75
809 0.75
810 0.75
811 0.75
812 0.75
813 0.75
814 0.75
815 0.75
816 0.75
817 0.75
818 0.75
819 0.75
820 0.75
821 0.75
822 0.75
823 0.75
824 0.75
825 0.75
826 0.75
827 0.75
828 0.75
829 0.75
830 0.75
831 0.75
832 0.75
833 0.75
834 0.75
835 0.75
836 0.75
837 0.75
838 0.75
839 0.75
840 0.75
841 0.75
842 0.75
843 0.75
844 0.75
845 0.75
846 0.75
847 0.75
848 0.75
849 0.75
850 0.75
851 0.75
852 0.75
853 0.75
854 0.75
855 0.75
856 0.75
857 0.75
858 0.75
859 0.75
860 0.75
861 0.75
862 0.75
863 0.75
864 0.75
865 0.75
866 0.75
867 0.75
868 0.75
869 0.75
870 0.75
871 0.75
872 0.75
873 0.75
874 0.75
875 0.75
876 0.75
877 0.75
878 0.75
879 0.75
880 0.75
881 0.75
882 0.75
883 0.75
884 0.75
885 0.75
886 0.75
887 0.75
888 0.75
889 0.75
890 0.75
891 0.75
892 0.75
893 0.75
894 0.75
895 0.75
896 0.75
897 0.75
898 0.75
899 0.75
900 0.75
901 0.75
902 0.75
903 0.75
904 0.75
905 0.75
906 0.75
907 0.75
908 0.75
909 0.75
910 0.75
911 0.75
912 0.75
913 0.75
914 0.75
915 0.75
916 0.75
917 0.75
918 0.75
919 0.75
920 0.75
921 0.75
922 0.75
923 0.75
924 0.75
925 0.75
926 0.75
927 0.75
928 0.75
929 0.75
930 0.75
931 0.75
932 0.75
933 0.75
934 0.75
935 0.75
936 0.75
937 0.75
938 0.75
939 0.75
940 0.75
941 0.75
942 0.75
943 0.75
944 0.75
945 0.75
946 0.75
947 0.75
948 0.75
949 0.75
950 0.75
951 0.75
952 0.75
953 0.75
954 0.75
955 0.75
956 0.75
957 0.75
958 0.75
959 0.75
960 0.75
961 0.75
962 0.75
963 0.75
964 0.75
965 0.75
966 0.75
967 0.75
968 0.75
969 0.75
970 0.75
971 0.75
972 0.75
973 0.75
974 0.75
975 0.75
976 0.75
977 0.75
978 0.75
979 0.75
980 0.75
981 0.75
982 0.75
983 0.75
984 0.75
985 0.75
986 0.75
987 0.75
988 0.75
989 0.75
990 0.75
991 0.75
992 0.75
993 0.75
994 0.75
995 0.75
996 0.75
997 0.75
998 0.75
999 0.75
1000 0.75
1001 0.75
1002 0.75
1003 0.75
1004 0.75
1005 0.75
1006 0.75
1007 0.75
1008 0.75
1009 0.75
1010 0.75
1011 0.75
1012 0.75
1013 0.75
1014 0.75
1015 0.75
1016 0.75
1017 0.75
1018 0.75
1019 0.75
1020 0.75
1021 0.75
1022 0.75
1023 0.75
1024 0.75
1025 0.75
1026 0.75
1027 0.75
1028 0.75
1029 0.75
1030 0.75
1031 0.75
1032 0.75
1033 0.75
1034 0.75
1035 0.75
1036 0.75
1037 0.75
1038 0.75
1039 0.75
1040 0.75
1041 0.864705
1042 0.864315
1043 0.864769
1044 0.864803
1045 0.864509
1046 0.865034
1047 0.864494
1048 0.864439
1049 0.864728
1050 0.870256
1051 0.870436
1052 0.870933
1053 0.869998
1054 0.871204
1055 0.870178
1056 0.869722
1057 0.870232
1058 0.870702
1059 0.869841
1060 0.870664
1061 0.870642
1062 0.870769
1063 0.871145
1064 0.870726
1065 0.870195
1066 0.869683
1067 0.869948
1068 0.869999
1069 0.870337
1070 0.869843
1071 0.870694
1072 0.869941
1073 0.871346
1074 0.870722
1075 0.870736
1076 0.870765
1077 0.893923
1078 0.893595
1079 0.893573
1080 0.893555
1081 0.893801
1082 0.893609
1083 0.892591
1084 0.89394
1085 0.893222
1086 0.893464
1087 0.893614
1088 0.893648
1089 0.893563
1090 0.893121
1091 0.953982
1092 0.89337
1093 0.893539
1094 0.893277
1095 0.893894
1096 0.894058
1097 0.893928
1098 0.893771
1099 0.89321
1100 0.893003
1101 0.892837
1102 0.893532
1103 0.893531
1104 0.894396
1105 0.893065
1106 0.894518
1107 0.894149
1108 0.893715
1109 0.893341
1110 0.894041
1111 0.893922
1112 0.893417
1113 0.894506
1114 0.893503
1115 0.894059
1116 0.893518
1117 0.893923
1118 0.893374
1119 0.893292
1120 0.893956
1121 0.893171
1122 0.893954
1123 0.893459
1124 0.893062
1125 0.892373
1126 0.892378
1127 0.893495
1128 0.894424
1129 0.894294
1130 0.89412
1131 0.893516
1132 0.892669
1133 0.892981
1134 0.894031
1135 0.893173
1136 0.893125
1137 0.893483
1138 0.893934
1139 0.892979
1140 0.893556
1141 0.893704
1142 0.893566
1143 0.894328
1144 0.893381
1145 0.89348
1146 0.893641
1147 0.893848
1148 0.893232
1149 0.893877
1150 0.893805
1151 0.893763
1152 0.893378
1153 0.893329
1154 0.892635
1155 0.894187
1156 0.893607
1157 0.892925
1158 0.894001
1159 0.893966
1160 0.893803
1161 0.892812
1162 0.894078
1163 0.893389
1164 0.89422
1165 0.89364
1166 0.893837
1167 0.893198
1168 0.893988
1169 0.893934
1170 0.893544
1171 0.893861
1172 0.893645
1173 0.8942
1174 0.89378
1175 0.893247
1176 0.892689
1177 0.893308
1178 0.896949
1179 0.896215
1180 0.896438
1181 0.896678
1182 0.896056
1183 0.896211
1184 0.896434
1185 0.896569
1186 0.896103
1187 0.896334
1188 0.896674
1189 0.896742
1190 0.895843
1191 0.896389
1192 0.896368
1193 0.896515
1194 0.896573
1195 0.896727
1196 0.896534
1197 0.896538
1198 0.896502
1199 0.896555
1200 0.896778
1201 0.896574
1202 0.896003
1203 0.896823
1204 0.897179
1205 0.916471
1206 0.917235
1207 0.917571
1208 0.916191
1209 0.916017
1210 0.915789
1211 0.917309
1212 0.916715
1213 0.917688
1214 0.917575
1215 0.915449
1216 0.915426
1217 0.916159
1218 0.916556
1219 0.916048
1220 0.916084
1221 0.916953
1222 0.916983
1223 0.916764
1224 0.916406
1225 0.915956
1226 0.915513
1227 0.936223
1228 0.935051
1229 0.935449
1230 0.936051
1231 0.934901
1232 0.935941
1233 0.935936
1234 0.936622
1235 0.934479
1236 0.93593
1237 0.936068
1238 0.936106
1239 0.936187
1240 0.935335
1241 0.936028
1242 0.934775
1243 0.936152
1244 0.936167
1245 0.935822
1246 0.93562
1247 0.935032
1248 0.936352
1249 0.935742
1250 0.936347
1251 0.936876
1252 0.936189
1253 0.936221
1254 0.936169
1255 0.935216
1256 0.935971
1257 0.935055
1258 0.936231
1259 0.935748
1260 0.936615
1261 0.936302
1262 0.93663
1263 0.936115
1264 0.936157
1265 0.935953
1266 0.936242
1267 0.936882
1268 0.935716
1269 0.936307
1270 0.934971
1271 0.936927
1272 0.936632
1273 0.93633
1274 0.935495
1275 0.935401
1276 0.936671
1277 0.936351
1278 0.935954
1279 0.936332
1280 0.936117
1281 0.936679
1282 0.93671
1283 0.936549
1284 0.936449
1285 0.936848
1286 0.935963
1287 0.936216
1288 0.936753
1289 0.934482
1290 0.935725
1291 0.936358
1292 0.936427
1293 0.935844
1294 0.936181
1295 0.936367
1296 0.93595
1297 0.93634
1298 0.935631
1299 0.935581
1300 0.935967
1301 0.935716
1302 0.936325
1303 0.935667
1304 0.936206
1305 0.936567
1306 0.936128
1307 0.974777
1308 0.976522
1309 0.976037
1310 0.97604
1311 0.977181
1312 0.976912
1313 0.977381
1314 0.976446
1315 0.975091
1316 0.977476
1317 0.97403
1318 0.975042
1319 0.977203
1320 0.977499
1321 0.975821
1322 0.977279
1323 0.976295
1324 0.975633
1325 0.97689
1326 0.97718
1327 0.976291
1328 0.975145
1329 0.977242
1330 0.975618
1331 0.975877
1332 0.976889
1333 0.976214
1334 0.977203
1335 0.975328
1336 0.976374
1337 0.976514
1338 0.975346
1339 0.97631
1340 0.974834
1341 0.975757
1342 0.976353
1343 0.975035
1344 0.977244
1345 0.975274
1346 0.97694
1347 0.977113
1348 0.976201
1349 0.976972
1350 0.976228
1351 0.976136
1352 0.976739
1353 0.976192
1354 0.976482
1355 0.975038
1356 0.976695
1357 0.976346
1358 0.976255
1359 0.974316
1360 0.975474
1361 0.976001
1362 0.97715
1363 0.975866
1364 0.976857
1365 0.975745
1366 0.977089
1367 0.976764
1368 0.975663
1369 0.977471
1370 0.977282
1371 0.982681
1372 0.982449
1373 0.982471
1374 0.982687
1375 0.982687
1376 0.982687
1377 0.982683
1378 0.982687
1379 0.982687
1380 0.982611
1381 0.982687
1382 0.982687
1383 0.982687
1384 0.982687
1385 0.982685
1386 0.982687
1387 0.982674
1388 0.982687
1389 0.982235
1390 0.982687
1391 0.982687
1392 0.982687
1393 0.982687
1394 0.982668
1395 0.982687
1396 0.982687
1397 0.982621
1398 0.982619
1399 0.982687
1400 0.982687
1401 0.982571
1402 0.982686
1403 0.982683
1404 0.982687
1405 0.982687
1406 0.982687
1407 0.982687
1408 0.982687
1409 0.982687
1410 0.982687
1411 0.982633
1412 0.982687
1413 0.982679
1414 0.982687
1415 0.982674
1416 0.982687
1417 0.982654
1418 0.982687
1419 0.982687
1420 0.982687
1421 0.982687
1422 0.982687
1423 0.982643
1424 0.982687
1425 0.982687
1426 0.982681
1427 0.982687
1428 0.982687
1429 0.982598
1430 0.982687
1431 0.982687
1432 0.982648
1433 0.982665
1434 0.982687
1435 0.982687
1436 0.982612
1437 0.982664
1438 0.982677
1439 0.982715
1440 0.982646
1441 0.982609
1442 0.982687
1443 0.983075
1444 0.982687
1445 0.982948
1446 0.983069
1447 0.982938
1448 0.982687
1449 0.982789
1450 0.982684
1451 0.982836
1452 0.982687
1453 0.982563
1454 0.982687
1455 0.982687
1456 0.982678
1457 0.982697
1458 0.982647
1459 0.982685
1460 0.982687
1461 0.982652
1462 0.983152
1463 0.982687
1464 0.982687
1465 0.98289
1466 0.982687
1467 0.982687
1468 0.98268
1469 0.982687
1470 0.982862
1471 0.982687
1472 0.982883
1473 0.982733
1474 0.982595
1475 0.982687
1476 0.982777
1477 0.982607
1478 0.982549
1479 0.982687
1480 0.982767
1481 0.982647
1482 0.982687
1483 0.982687
1484 0.982682
1485 0.983068
1486 0.982687
1487 0.983163
1488 0.982687
1489 0.983136
1490 0.982603
1491 0.982949
1492 0.982577
1493 0.982659
1494 0.982891
1495 0.982687
1496 0.982759
1497 0.982687
1498 0.982641
1499 0.982703
1500 0.982672
1501 0.982837
1502 0.982863
1503 0.982868
1504 0.982687
1505 0.982687
1506 0.982687
1507 0.98264
1508 0.982687
1509 0.98282
1510 0.982913
1511 0.982687
1512 0.982823
1513 0.98283
1514 0.982647
1515 0.982687
1516 0.982668
1517 0.983204
1518 0.983198
1519 0.982687
1520 0.983229
1521 0.982982
1522 0.982605
1523 0.982821
1524 0.982754
1525 0.983014
1526 0.983283
1527 0.982992
1528 0.982687
1529 0.982649
1530 0.982687
1531 0.983195
1532 0.982952
1533 0.982721
1534 0.982737
1535 0.982997
1536 0.983243
1537 0.982663
1538 0.982782
1539 0.98273
1540 0.982755
1541 0.982789
1542 0.983005
1543 0.982855
1544 0.982687
1545 0.983094
1546 0.982975
1547 0.983301
1548 0.982687
1549 0.983832
1550 0.9839
1551 0.983773
1552 0.984031
1553 0.983838
1554 0.983874
1555 0.983627
1556 0.983046
1557 0.983579
1558 0.983293
1559 0.984005
1560 0.982868
1561 0.983421
1562 0.983363
1563 0.983065
1564 0.984034
1565 0.983037
1566 0.984027
1567 0.982723
1568 0.983385
1569 0.982883
1570 0.983946
1571 0.983485
1572 0.98287
1573 0.983733
1574 0.984132
1575 0.983673
1576 0.984056
1577 0.98408
1578 0.983865
1579 0.983583
1580 0.983926
1581 0.983575
1582 0.984133
1583 0.983402
1584 0.983769
1585 0.983373
1586 0.983341
1587 0.983544
1588 0.983734
1589 0.984068
1590 0.983078
1591 0.983577
1592 0.983389
1593 0.983843
1594 0.98338
1595 0.983578
1596 0.983819
1597 0.983816
1598 0.983942
1599 0.984152
1600 0.984023
1601 0.98427
1602 0.984093
1603 0.983877
1604 0.984246
1605 0.983938
1606 0.983631
1607 0.984025
1608 0.98398
1609 0.984038
1610 0.983834
1611 0.983925
1612 0.983993
1613 0.983666
1614 0.983848
1615 0.983785
1616 0.98402
1617 0.983956
1618 0.983856
1619 0.983924
1620 0.983531
1621 0.983686
1622 0.983762
1623 0.983814
1624 0.98412
1625 0.98359
1626 0.983909
1627 0.983659
1628 0.984136
1629 0.983808
1630 0.984345
1631 0.984143
1632 0.98415
1633 0.983965
1634 0.984009
1635 0.984023
1636 0.984087
1637 0.98405
1638 0.983937
1639 0.98456
1640 0.984087
1641 0.984207
1642 0.984087
1643 0.984621
1644 0.984159
1645 0.98423
1646 0.984541
1647 0.984209
1648 0.984231
1649 0.984473
1650 0.984043
1651 0.984768
1652 0.984131
1653 0.984087
1654 0.984337
1655 0.984386
1656 0.984087
1657 0.984537
1658 0.984087
1659 0.984275
1660 0.984413
1661 0.984204
1662 0.984132
1663 0.984132
1664 0.984407
1665 0.984729
1666 0.984092
1667 0.984275
1668 0.984665
1669 0.98438
1670 0.984124
1671 0.984391
1672 0.98408
1673 0.984618
1674 0.984317
1675 0.984119
1676 0.984242
1677 0.984204
1678 0.984244
1679 0.984279
1680 0.984832
1681 0.984317
1682 0.984869
1683 0.984417
1684 0.984318
1685 0.984817
1686 0.984698
1687 0.984358
1688 0.98469
1689 0.984512
1690 0.985322
1691 0.984323
1692 0.98471
1693 0.984524
1694 0.984358
1695 0.984863
1696 0.984873
1697 0.984798
1698 0.984676
1699 0.984455
1700 0.984898
1701 0.985132
1702 0.984593
1703 0.984593
1704 0.984593
1705 0.984607
1706 0.984917
1707 0.984593
1708 0.984818
1709 0.984593
1710 0.98463
1711 0.984799
1712 0.9848
1713 0.984749
1714 0.984603
1715 0.984604
1716 0.98474
1717 0.984616
1718 0.984843
1719 0.984693
1720 0.984593
1721 0.984866
1722 0.984942
1723 0.985295
1724 0.985424
1725 0.985237
1726 0.985478
1727 0.9852
1728 0.985509
1729 0.985326
1730 0.985308
1731 0.985456
1732 0.985492
1733 0.985225
1734 0.985235
1735 0.985218
1736 0.985427
1737 0.98527
1738 0.985223
1739 0.985347
1740 0.985466
1741 0.985404
1742 0.985239
1743 0.985501
1744 0.985275
1745 0.985272
1746 0.985227
1747 0.985389
1748 0.985282
1749 0.985356
1750 0.985302
1751 0.985276
1752 0.985199
1753 0.985463
1754 0.98546
1755 0.985346
1756 0.985294
1757 0.985453
1758 0.985197
1759 0.98534
1760 0.985527
1761 0.985287
1762 0.985497
1763 0.985111
1764 0.985302
1765 0.985536
1766 0.985393
1767 0.985221
1768 0.985409
1769 0.985367
1770 0.985351
1771 0.985195
1772 0.985263
1773 0.985465
1774 0.985281
1775 0.985407
1776 0.985362
1777 0.985499
1778 0.985335
1779 0.985266
1780 0.985352
1781 0.985297
1782 0.985195
1783 0.985263
1784 0.985206
1785 0.985418
1786 0.98528
1787 0.985246
1788 0.985199
1789 0.98525
1790 0.985299
1791 0.985312
1792 0.985299
1793 0.985221
1794 0.98537
1795 0.985243
1796 0.985255
1797 0.985283
1798 0.98527
1799 0.985271
1800 0.98542
1801 0.985317
1802 0.985467
1803 0.985284
1804 0.985358
1805 0.985369
1806 0.985259
1807 0.98544
1808 0.985449
1809 0.985246
1810 0.985205
1811 0.985437
1812 0.985396
1813 0.985286
1814 0.985401
1815 0.985536
1816 0.985452
1817 0.985313
1818 0.985561
1819 0.985238
1820 0.985292
1821 0.985606
1822 0.985532
1823 0.985462
1824 0.985324
1825 0.985446
1826 0.985386
1827 0.98543
1828 0.985423
1829 0.985347
1830 0.985497
1831 0.985408
1832 0.985408
1833 0.985603
1834 0.985433
1835 0.985701
1836 0.985692
1837 0.985702
1838 0.985571
1839 0.985815
1840 0.985513
1841 0.985569
1842 0.986037
1843 0.985752
1844 0.986289
1845 0.985944
1846 0.98594
1847 0.986308
1848 0.986179
1849 0.98621
1850 0.985774
1851 0.985893
1852 0.986392
1853 0.986058
1854 0.986322
1855 0.986317
1856 0.985936
1857 0.985973
1858 0.986596
1859 0.986088
1860 0.986028
1861 0.986155
1862 0.986404
1863 0.98604
1864 0.986258
1865 0.986464
1866 0.986517
1867 0.986209
1868 0.986128
1869 0.986066
1870 0.986474
1871 0.986533
1872 0.986446
1873 0.986809
1874 0.986082
1875 0.986669
1876 0.986121
1877 0.986458
1878 0.986601
1879 0.986199
1880 0.986285
1881 0.986737
1882 0.986461
1883 0.986262
1884 0.986508
1885 0.986377
1886 0.986638
1887 0.986565
1888 0.986439
1889 0.986599
1890 0.986923
1891 0.98629
1892 0.986491
1893 0.986676
1894 0.986502
1895 0.986419
1896 0.986344
1897 0.986189
1898 0.986212
1899 0.986643
1900 0.986158
1901 0.986209
1902 0.986985
1903 0.986424
1904 0.986403
1905 0.986562
1906 0.986637
1907 0.986355
1908 0.986246
1909 0.986279
1910 0.986873
1911 0.986544
1912 0.986541
1913 0.986457
1914 0.986262
1915 0.986586
1916 0.986262
1917 0.986746
1918 0.986768
1919 0.986288
1920 0.986459
1921 0.98684
1922 0.986659
1923 0.986428
1924 0.986383
1925 0.986824
1926 0.986532
1927 0.98656
1928 0.986641
1929 0.986515
1930 0.986319
1931 0.986082
1932 0.986424
1933 0.986523
1934 0.986951
1935 0.986558
1936 0.986365
1937 0.986745
1938 0.986632
1939 0.986664
1940 0.986611
1941 0.986831
1942 0.986685
1943 0.986657
1944 0.986777
1945 0.986801
1946 0.986548
1947 0.98675
1948 0.986784
1949 0.987412
1950 0.986798
1951 0.986925
1952 0.986887
1953 0.986864
1954 0.986688
1955 0.986635
1956 0.986637
1957 0.986921
1958 0.986781
1959 0.986724
1960 0.986742
1961 0.986802
1962 0.986739
1963 0.986829
1964 0.986678
1965 0.98661
1966 0.987121
1967 0.986798
1968 0.986985
1969 0.986952
1970 0.986861
1971 0.98703
1972 0.986958
1973 0.986905
1974 0.986994
1975 0.986908
1976 0.986927
1977 0.986881
1978 0.986805
1979 0.987036
1980 0.98677
1981 0.986772
1982 0.986911
1983 0.986976
1984 0.986891
1985 0.987417
1986 0.987231
1987 0.987057
1988 0.986959
1989 0.987288
1990 0.987258
1991 0.987165
1992 0.987025
1993 0.987267
1994 0.987437
1995 0.98727
1996 0.987493
1997 0.987092
1998 0.987471
1999 0.987203
2000 0.986952
2001 0.98717
2002 0.987005
2003 0.987491
2004 0.987359
2005 0.987505
2006 0.98734
2007 0.987673
2008 0.98738
2009 0.987153
2010 0.987045
2011 0.987345
2012 0.987677
2013 0.987096
2014 0.987006
2015 0.987562
2016 0.987062
2017 0.987451
2018 0.98706
2019 0.987094
2020 0.987026
2021 0.987066
2022 0.987245
2023 0.987322
2024 0.987654
2025 0.987335
2026 0.987397
2027 0.987736
2028 0.987348
2029 0.987304
2030 0.986986
2031 0.987676
2032 0.987006
2033 0.98752
2034 0.986975
2035 0.987254
2036 0.98722
2037 0.987065
2038 0.987274
2039 0.987452
2040 0.987286
2041 0.987183
2042 0.987366
2043 0.987411
2044 0.98698
2045 0.987302
2046 0.987312
2047 0.98742
2048 0.987385
2049 0.987165
2050 0.987099
2051 0.987117
2052 0.98731
2053 0.987264
2054 0.987105
2055 0.987387
2056 0.987316
2057 0.987418
2058 0.987187
2059 0.987271
2060 0.987224
2061 0.987479
2062 0.987287
2063 0.987567
2064 0.987575
2065 0.987424
2066 0.987088
2067 0.987148
2068 0.987497
2069 0.98734
2070 0.987235
2071 0.987283
2072 0.987688
2073 0.987447
2074 0.987391
2075 0.987347
2076 0.987307
2077 0.987523
2078 0.987601
2079 0.98739
2080 0.98757
2081 0.987621
2082 0.987421
2083 0.987417
2084 0.987339
2085 0.987209
2086 0.987647
2087 0.987745
2088 0.987505
2089 0.987808
2090 0.987467
2091 0.987433
2092 0.987202
2093 0.987285
2094 0.987575
2095 0.987433
2096 0.987454
2097 0.987537
2098 0.987609
2099 0.987343
2100 0.987596
2101 0.987594
2102 0.987415
2103 0.987565
2104 0.987422
2105 0.987481
2106 0.987429
2107 0.98742
2108 0.987453
2109 0.987577
2110 0.987742
2111 0.987263
2112 0.987571
2113 0.987519
2114 0.987272
2115 0.987591
2116 0.987686
2117 0.987519
2118 0.987665
2119 0.98784
2120 0.987579
2121 0.987485
2122 0.987449
2123 0.987563
2124 0.98773
2125 0.98773
2126 0.987417
2127 0.987578
2128 0.987418
2129 0.987436
2130 0.987611
2131 0.987298
2132 0.987592
2133 0.987313
2134 0.987476
2135 0.987368
2136 0.987748
2137 0.987399
2138 0.987392
2139 0.987577
2140 0.987283
2141 0.987415
2142 0.987453
2143 0.987469
2144 0.987611
2145 0.987725
2146 0.987667
2147 0.987664
2148 0.987492
2149 0.987844
2150 0.987598
2151 0.987456
2152 0.9877
2153 0.987626
2154 0.987577
2155 0.987533
2156 0.987883
2157 0.987514
2158 0.987885
2159 0.987672
2160 0.988281
2161 0.988209
2162 0.987764
2163 0.987894
2164 0.987755
2165 0.987552
2166 0.987908
2167 0.987831
2168 0.987533
2169 0.987842
2170 0.987712
2171 0.987934
2172 0.987417
2173 0.98769
2174 0.987816
2175 0.987796
2176 0.987923
2177 0.988044
2178 0.987571
2179 0.987555
2180 0.987656
2181 0.987637
2182 0.987518
2183 0.987536
2184 0.9876
2185 0.987521
2186 0.987853
2187 0.987554
2188 0.987537
2189 0.987972
2190 0.987619
2191 0.987602
2192 0.987706
2193 0.987937
2194 0.987891
2195 0.987712
2196 0.987631
2197 0.987935
2198 0.987658
2199 0.988157
2200 0.988179
2201 0.98759
2202 0.987847
2203 0.988094
2204 0.987575
2205 0.987539
2206 0.98756
2207 0.987806
2208 0.987846
2209 0.988058
2210 0.987687
2211 0.987848
2212 0.988107
2213 0.987519
2214 0.987727
2215 0.987814
2216 0.98793
2217 0.987764
2218 0.987675
2219 0.987972
2220 0.987758
2221 0.987793
2222 0.987589
2223 0.987899
2224 0.987722
2225 0.987601
2226 0.98775
2227 0.987799
2228 0.987532
2229 0.987686
2230 0.987769
2231 0.987954
2232 0.987917
2233 0.987678
2234 0.988071
2235 0.987665
2236 0.987689
2237 0.987877
2238 0.987981
2239 0.987954
2240 0.987722
2241 0.987801
2242 0.987752
2243 0.987754
2244 0.987711
2245 0.98782
2246 0.987698
2247 0.98803
2248 0.987973
2249 0.987758
2250 0.987659
2251 0.987726
2252 0.987927
2253 0.987598
2254 0.987604
2255 0.987864
2256 0.987796
2257 0.98781
2258 0.987852
2259 0.987913
2260 0.987946
2261 0.987927
2262 0.988149
2263 0.987896
2264 0.987664
2265 0.987957
2266 0.987856
2267 0.987878
2268 0.987774
2269 0.98771
2270 0.988058
2271 0.987974
2272 0.987959
2273 0.987887
2274 0.987839
2275 0.988183
2276 0.987843
2277 0.987842
2278 0.988238
2279 0.988418
2280 0.987784
2281 0.988002
2282 0.988115
2283 0.987868
2284 0.987929
2285 0.987824
2286 0.98805
2287 0.988176
2288 0.98807
2289 0.988376
2290 0.987809
2291 0.988198
2292 0.98787
2293 0.987855
2294 0.987791
2295 0.98795
2296 0.987814
2297 0.988132
2298 0.988006
2299 0.987965
2300 0.988054
2301 0.988034
2302 0.988341
2303 0.988284
2304 0.987927
2305 0.987811
2306 0.98797
2307 0.987951
2308 0.988041
2309 0.988055
2310 0.98778
2311 0.98806
2312 0.987979
2313 0.987866
2314 0.988286
2315 0.9882
2316 0.987986
2317 0.988014
2318 0.988041
2319 0.988553
2320 0.988165
2321 0.988037
2322 0.988273
2323 0.988086
2324 0.988513
2325 0.988258
2326 0.988403
2327 0.988424
2328 0.988352
2329 0.988829
2330 0.988333
2331 0.988735
2332 0.988571
2333 0.988603
2334 0.988462
2335 0.98834
2336 0.98844
2337 0.988407
2338 0.988448
2339 0.988959
2340 0.988405
2341 0.988499
2342 0.988509
2343 0.988578
2344 0.988559
2345 0.988472
2346 0.988896
2347 0.988663
2348 0.988371
2349 0.988461
2350 0.98855
2351 0.988539
2352 0.988329
2353 0.988363
2354 0.988468
2355 0.98879
2356 0.988596
2357 0.988543
2358 0.988524
2359 0.988926
2360 0.988778
2361 0.988625
2362 0.988912
2363 0.988377
2364 0.988756
2365 0.988851
2366 0.988758
2367 0.98858
2368 0.988824
2369 0.988604
2370 0.988731
2371 0.988937
2372 0.988922
2373 0.988605
2374 0.988956
2375 0.988665
2376 0.988471
2377 0.988921
2378 0.988719
2379 0.988776
2380 0.988847
2381 0.98907
2382 0.988946
2383 0.989226
2384 0.989068
2385 0.988818
2386 0.988777
2387 0.988901
2388 0.989015
2389 0.98849
2390 0.98845
2391 0.988623
2392 0.988907
2393 0.988681
2394 0.988757
2395 0.988836
2396 0.988729
2397 0.988915
2398 0.988473
2399 0.988557
2400 0.988824
2401 0.98862
2402 0.988744
2403 0.988672
2404 0.989175
2405 0.988964
2406 0.988803
2407 0.989133
2408 0.988991
2409 0.988781
2410 0.988619
2411 0.98866
2412 0.98887
2413 0.988949
2414 0.988747
2415 0.988795
2416 0.988995
2417 0.9887
2418 0.98914
2419 0.988937
2420 0.988759
2421 0.988879
2422 0.989041
2423 0.988937
2424 0.988907
2425 0.988785
2426 0.988794
2427 0.988914
2428 0.988844
2429 0.988965
2430 0.989233
2431 0.988761
2432 0.988996
2433 0.988665
2434 0.988718
2435 0.988933
2436 0.988769
2437 0.988855
2438 0.988631
2439 0.988629
2440 0.988782
2441 0.989064
2442 0.988991
2443 0.988809
2444 0.988708
2445 0.988901
2446 0.989029
2447 0.989071
2448 0.988913
2449 0.9887
2450 0.989253
2451 0.988927
2452 0.989028
2453 0.989059
2454 0.988767
2455 0.988887
2456 0.988963
2457 0.988986
2458 0.989071
2459 0.989413
2460 0.988655
2461 0.988869
2462 0.988943
2463 0.989209
2464 0.989337
2465 0.989124
2466 0.989149
2467 0.989039
2468 0.988877
2469 0.98891
2470 0.989151
2471 0.989
2472 0.989173
2473 0.989327
2474 0.989177
2475 0.98904
2476 0.989145
2477 0.988916
2478 0.989057
2479 0.988979
2480 0.989078
2481 0.989343
2482 0.989643
2483 0.98903
2484 0.989305
2485 0.989348
2486 0.989124
2487 0.989097
2488 0.989822
2489 0.9894
2490 0.988847
2491 0.988815
2492 0.989134
2493 0.989074
2494 0.9891
2495 0.988985
2496 0.98896
2497 0.989492
2498 0.989639
2499 0.989096
2500 0.989655
2501 0.989393
2502 0.989216
2503 0.98949
2504 0.989409
2505 0.989261
2506 0.989288
2507 0.989098
2508 0.989183
2509 0.989079
2510 0.989138
2511 0.989159
2512 0.989222
2513 0.989083
2514 0.988865
2515 0.989073
2516 0.989386
2517 0.989071
2518 0.989122
2519 0.989076
2520 0.989032
2521 0.989104
2522 0.989027
2523 0.988931
2524 0.989111
2525 0.989054
2526 0.989228
2527 0.989072
2528 0.98972
2529 0.98927
2530 0.989142
2531 0.989201
2532 0.989766
2533 0.989156
2534 0.989009
2535 0.989538
2536 0.989289
2537 0.989739
2538 0.989139
2539 0.989624
2540 0.989302
2541 0.989238
2542 0.988909
2543 0.989055
2544 0.989353
2545 0.989165
2546 0.989288
2547 0.988953
2548 0.989242
2549 0.989204
2550 0.989148
2551 0.989138
2552 0.98919
2553 0.989204
2554 0.989162
2555 0.989418
2556 0.989336
2557 0.989145
2558 0.989272
2559 0.989368
2560 0.989378
2561 0.989825
2562 0.989358
2563 0.989302
2564 0.989476
2565 0.989478
2566 0.989442
2567 0.989352
2568 0.989315
2569 0.98949
2570 0.989295
2571 0.989674
2572 0.98899
2573 0.989566
2574 0.989282
2575 0.989431
2576 0.98931
2577 0.988987
2578 0.989343
2579 0.98947
2580 0.989735
2581 0.989568
2582 0.989986
2583 0.98968
2584 0.989534
2585 0.989281
2586 0.989357
2587 0.989911
2588 0.989398
2589 0.989369
2590 0.989745
2591 0.989419
2592 0.989345
2593 0.990153
