Generation Best
0 0.517848
1 0.519858
2 0.529787
3 0.522864
4 0.526002
5 0.527208
6 0.530221
7 0.519151
8 0.52174
9 0.520917
10 0.522798
11 0.518049
12 0.519964
13 0.52112
14 0.526111
15 0.527014
16 0.529774
17 0.539611
18 0.526747
19 0.52632
20 0.535358
21 0.525166
22 0.525658
23 0.525876
24 0.526308
25 0.524869
26 0.525154
27 0.525501
28 0.525618
29 0.525876
30 0.527059
31 0.525306
32 0.526157
33 0.525165
34 0.525692
35 0.528883
36 0.525315
37 0.524912
38 0.525567
39 0.526086
40 0.525837
41 0.527374
42 0.52573
43 0.525563
44 0.525939
45 0.525925
46 0.526135
47 0.526449
48 0.526331
49 0.526019
50 0.526732
51 0.526185
52 0.525953
53 0.525941
54 0.525585
55 0.525606
56 0.526534
57 0.525396
58 0.527228
59 0.525401
60 0.525775
61 0.525835
62 0.525737
63 0.530135
64 0.52555
65 0.525497
66 0.525658
67 0.526286
68 0.526483
69 0.526252
70 0.525756
71 0.525525
72 0.525738
73 0.526403
74 0.52733
75 0.52577
76 0.526591
77 0.526053
78 0.525462
79 0.527685
80 0.525944
81 0.525946
82 0.52624
83 0.525947
84 0.52594
85 0.526454
86 0.526426
87 0.525944
88 0.525941
89 0.525945
90 0.526165
91 0.526842
92 0.527704
93 0.525946
94 0.525948
95 0.525969
96 0.525991
97 0.525948
98 0.526144
99 0.525986
100 0.526881
101 0.526387
102 0.526
103 0.526072
104 0.528697
105 0.526083
106 0.525948
107 0.525949
108 0.525947
109 0.525969
110 0.525969
111 0.525948
112 0.525948
113 0.525948
114 0.525948
115 0.525948
116 0.525988
117 0.525948
118 0.525948
119 0.525949
120 0.525948
121 0.525948
122 0.525948
123 0.525949
124 0.525948
125 0.525948
126 0.525948
127 0.525949
128 0.525948
129 0.525948
130 0.525948
131 0.525948
132 0.525948
133 0.525948
134 0.525948
135 0.525948
136 0.525948
137 0.525948
138 0.525948
139 0.525948
140 0.525948
141 0.525948
142 0.525948
143 0.525948
144 0.525948
145 0.525948
146 0.525948
147 0.525948
148 0.525948
149 0.525948
150 0.525948
151 0.525948
152 0.525949
153 0.525962
154 0.525948
155 0.525948
156 0.525948
157 0.525948
158 0.525948
159 0.525948
160 0.525948
161 0.525948
162 0.525948
163 0.525948
164 0.525948
165 0.525948
166 0.525948
167 0.525948
168 0.525948
169 0.525948
170 0.525948
171 0.525948
172 0.525948
173 0.525948
174 0.525948
175 0.525948
176 0.525948
177 0.525948
178 0.525948
179 0.525948
180 0.525948
181 0.525948
182 0.525948
183 0.525948
184 0.525948
185 0.525948
186 0.525948
187 0.525948
188 0.525948
189 0.525948
190 0.525948
191 0.525948
192 0.525948
193 0.525948
194 0.525948
195 0.525948
196 0.525948
197 0.525948
198 0.525948
199 0.525948
200 0.525948
201 0.525948
202 0.525948
203 0.525948
204 0.526777
205 0.526926
206 0.525948
207 0.525948
208 0.525948
209 0.525948
210 0.525948
211 0.525948
212 0.525948
213 0.525948
214 0.525948
215 0.525948
216 0.525948
217 0.525948
218 0.525948
219 0.525948
220 0.525948
221 0.525948
222 0.525948
223 0.525948
224 0.525948
225 0.525948
226 0.525948
227 0.525948
228 0.525948
229 0.525948
230 0.525948
231 0.525948
232 0.525948
233 0.525948
234 0.525948
235 0.525948
236 0.525948
237 0.525948
238 0.527232
239 0.525948
240 0.525948
241 0.525948
242 0.525948
243 0.525948
244 0.525948
245 0.525948
246 0.525948
247 0.525948
248 0.525948
249 0.525948
250 0.525948
251 0.525948
252 0.525948
253 0.525948
254 0.525948
255 0.525948
256 0.525948
257 0.525948
258 0.525948
259 0.525948
260 0.525948
261 0.525948
262 0.525948
263 0.525948
264 0.525948
265 0.525948
266 0.525948
267 0.525948
268 0.525948
269 0.526314
270 0.525948
271 0.525948
272 0.525948
273 0.525948
274 0.525948
275 0.525948
276 0.525948
277 0.525948
278 0.525948
279 0.525948
280 0.525948
281 0.525948
282 0.525948
283 0.525948
284 0.525948
285 0.525948
286 0.525948
287 0.525948
288 0.525948
289 0.525948
290 0.525948
291 0.525948
292 0.525948
293 0.525948
294 0.525948
295 0.525948
296 0.525948
297 0.525948
298 0.525948
299 0.525948
300 0.525948
301 0.525948
302 0.525948
303 0.525948
304 0.525948
305 0.525948
306 0.525948
307 0.525948
308 0.525948
309 0.525948
310 0.525948
311 0.525948
312 0.525948
313 0.525948
314 0.525948
315 0.525948
316 0.525948
317 0.525948
318 0.525948
319 0.525948
320 0.525948
321 0.525948
322 0.525948
323 0.525948
324 0.525948
325 0.525948
326 0.525948
327 0.525948
328 0.525948
329 0.525948
330 0.525948
331 0.525948
332 0.525948
333 0.525948
334 0.525948
335 0.525948
336 0.525948
337 0.525948
338 0.525948
339 0.525948
340 0.525948
341 0.525948
342 0.525948
343 0.525948
344 0.525948
345 0.525948
346 0.525948
347 0.525948
348 0.525948
349 0.525948
350 0.525948
351 0.525948
352 0.525948
353 0.525948
354 0.525948
355 0.525948
356 0.525948
357 0.525948
358 0.525948
359 0.525948
360 0.525948
361 0.525948
362 0.525948
363 0.525948
364 0.525948
365 0.525948
366 0.525948
367 0.525948
368 0.52861
369 0.526259
370 0.525948
371 0.525948
372 0.525948
373 0.535274
374 0.525948
375 0.525948
376 0.525948
377 0.525948
378 0.525948
379 0.525948
380 0.525948
381 0.525948
382 0.525948
383 0.525948
384 0.525948
385 0.525948
386 0.525948
387 0.525948
388 0.525948
389 0.525948
390 0.525948
391 0.525948
392 0.525948
393 0.525948
394 0.525948
395 0.525948
396 0.525948
397 0.526116
398 0.525948
399 0.525948
400 0.525948
401 0.525948
402 0.525948
403 0.525948
404 0.525948
405 0.525948
406 0.525948
407 0.525948
408 0.525948
409 0.525948
410 0.525948
411 0.525948
412 0.525948
413 0.525948
414 0.525948
415 0.525948
416 0.525948
417 0.525948
418 0.525948
419 0.525948
420 0.525948
421 0.525948
422 0.525948
423 0.525948
424 0.525948
425 0.526701
426 0.525948
427 0.525948
428 0.525948
429 0.525948
430 0.525948
431 0.525948
432 0.525948
433 0.525948
434 0.525948
435 0.525948
436 0.525948
437 0.525948
438 0.525948
439 0.527154
440 0.525948
441 0.530567
442 0.525948
443 0.525948
444 0.525948
445 0.525948
446 0.525948
447 0.525948
448 0.525948
449 0.525948
450 0.525948
451 0.525948
452 0.525948
453 0.525948
454 0.525948
455 0.525948
456 0.525948
457 0.525948
458 0.525948
459 0.525948
460 0.525948
461 0.525948
462 0.525948
463 0.525948
464 0.525948
465 0.525948
466 0.525948
467 0.525948
468 0.525948
469 0.525948
470 0.525948
471 0.534086
472 0.525948
473 0.525948
474 0.525948
475 0.525948
476 0.525948
477 0.525948
478 0.525948
479 0.525948
480 0.525948
481 0.525948
482 0.525948
483 0.525948
484 0.528652
485 0.525948
486 0.525948
487 0.525948
488 0.525948
489 0.525948
490 0.525948
491 0.525948
492 0.525948
493 0.525948
494 0.525948
495 0.525948
496 0.525948
497 0.525948
498 0.525948
499 0.525948
500 0.525948
501 0.525948
502 0.525948
503 0.525948
504 0.525948
505 0.525948
506 0.525948
507 0.525948
508 0.525948
509 0.525948
510 0.525948
511 0.525948
512 0.525948
513 0.525948
514 0.525948
515 0.525948
516 0.526895
517 0.525948
518 0.525948
519 0.525948
520 0.525948
521 0.525948
522 0.525948
523 0.528896
524 0.525948
525 0.525948
526 0.525948
527 0.525948
528 0.525948
529 0.53546
530 0.525948
531 0.525948
532 0.525948
533 0.536127
534 0.53826
535 0.53318
536 0.536412
537 0.53674
538 0.538473
539 0.537347
540 0.539178
541 0.538005
542 0.536452
543 0.537204
544 0.538931
545 0.535301
546 0.538535
547 0.538303
548 0.538629
549 0.536431
550 0.53549
551 0.534648
552 0.534535
553 0.538353
554 0.537733
555 0.537052
556 0.539244
557 0.535893
558 0.532956
559 0.542312
560 0.538772
561 0.534991
562 0.537795
563 0.537668
564 0.537425
565 0.534322
566 0.534145
567 0.537988
568 0.533904
569 0.535945
570 0.536517
571 0.53817
572 0.535422
573 0.53746
574 0.537276
575 0.537726
576 0.539056
577 0.537702
578 0.536072
579 0.53626
580 0.53931
581 0.538974
582 0.534728
583 0.533098
584 0.537131
585 0.535212
586 0.534498
587 0.53817
588 0.537104
589 0.537884
590 0.536961
591 0.53481
592 0.534639
593 0.537921
594 0.538365
595 0.5368
596 0.534549
597 0.536604
598 0.536605
599 0.537878
600 0.538232
601 0.537314
602 0.539914
603 0.535182
604 0.539735
605 0.534684
606 0.538208
607 0.535363
608 0.537119
609 0.5353
610 0.537297
611 0.535022
612 0.540306
613 0.535189
614 0.537361
615 0.538519
616 0.536913
617 0.534695
618 0.536615
619 0.54244
620 0.535077
621 0.536983
622 0.536766
623 0.535813
624 0.539368
625 0.536069
626 0.538824
627 0.536072
628 0.53767
629 0.538952
630 0.537557
631 0.538534
632 0.537327
633 0.534569
634 0.539443
635 0.537132
636 0.535339
637 0.537559
638 0.538663
639 0.539177
640 0.540184
641 0.53663
642 0.537247
643 0.539952
644 0.533642
645 0.537645
646 0.539424
647 0.538374
648 0.538964
649 0.536733
650 0.535536
651 0.538949
652 0.538165
653 0.539548
654 0.545149
655 0.62415
656 0.540204
657 0.539877
658 0.536748
659 0.537199
660 0.540603
661 0.537374
662 0.536803
663 0.538642
664 0.535398
665 0.536227
666 0.53795
667 0.537793
668 0.53886
669 0.534929
670 0.538094
671 0.539355
672 0.533311
673 0.537359
674 0.535803
675 0.536026
676 0.533668
677 0.536241
678 0.536697
679 0.538023
680 0.535289
681 0.535439
682 0.536895
683 0.535603
684 0.537024
685 0.53581
686 0.537253
687 0.535119
688 0.534546
689 0.538173
690 0.534065
691 0.537392
692 0.536928
693 0.53675
694 0.535525
695 0.538327
696 0.538684
697 0.538248
698 0.534877
699 0.538981
700 0.53657
701 0.53553
702 0.535643
703 0.534776
704 0.533125
705 0.538597
706 0.53667
707 0.535793
708 0.536733
709 0.536353
710 0.538868
711 0.538519
712 0.536964
713 0.537314
714 0.538223
715 0.537566
716 0.536979
717 0.53536
718 0.536822
719 0.536225
720 0.53753
721 0.54028
722 0.535283
723 0.539375
724 0.539664
725 0.538286
726 0.540263
727 0.536009
728 0.534294
729 0.535805
730 0.597168
731 0.598574
732 0.598993
733 0.596691
734 0.597573
735 0.595475
736 0.597705
737 0.59777
738 0.595868
739 0.597438
740 0.595596
741 0.596522
742 0.596055
743 0.597992
744 0.596387
745 0.596484
746 0.597818
747 0.597795
748 0.596588
749 0.59633
750 0.597654
751 0.597982
752 0.595054
753 0.596448
754 0.596378
755 0.596103
756 0.595198
757 0.597574
758 0.598651
759 0.598283
760 0.596847
761 0.595763
762 0.595196
763 0.593199
764 0.595372
765 0.597432
766 0.596916
767 0.598195
768 0.596468
769 0.598334
770 0.598018
771 0.596367
772 0.596495
773 0.59809
774 0.596146
775 0.595649
776 0.596133
777 0.595442
778 0.596463
779 0.596953
780 0.596162
781 0.596487
782 0.598606
783 0.596927
784 0.610096
785 0.605321
786 0.607885
787 0.60812
788 0.606013
789 0.60743
790 0.604503
791 0.607032
792 0.607924
793 0.605744
794 0.611111
795 0.604701
796 0.609108
797 0.609597
798 0.608969
799 0.606459
800 0.608538
801 0.610898
802 0.608803
803 0.609217
804 0.610651
805 0.609407
806 0.611276
807 0.609687
808 0.608141
809 0.605588
810 0.604725
811 0.606802
812 0.613936
813 0.607891
814 0.611984
815 0.610656
816 0.607937
817 0.609413
818 0.610878
819 0.606419
820 0.611017
821 0.607905
822 0.612848
823 0.611018
824 0.608334
825 0.607471
826 0.609896
827 0.607521
828 0.605479
829 0.75
830 0.75
831 0.75
832 0.75
833 0.616873
834 0.62076
835 0.623791
836 0.609685
837 0.629963
838 0.611312
839 0.614471
840 0.612243
841 0.616119
842 0.611751
843 0.6106
844 0.61602
845 0.612523
846 0.617209
847 0.634614
848 0.63342
849 0.607511
850 0.621129
851 0.610216
852 0.611221
853 0.609386
854 0.635636
855 0.639996
856 0.640614
857 0.639261
858 0.638657
859 0.638525
860 0.638326
861 0.639032
862 0.63793
863 0.637863
864 0.637869
865 0.640858
866 0.638197
867 0.637257
868 0.638505
869 0.639557
870 0.63798
871 0.638386
872 0.640104
873 0.638655
874 0.639457
875 0.639977
876 0.637715
877 0.638998
878 0.639624
879 0.642474
880 0.640815
881 0.639485
882 0.63802
883 0.640481
884 0.640844
885 0.637555
886 0.639993
887 0.639036
888 0.646557
889 0.644641
890 0.64634
891 0.646587
892 0.647409
893 0.650066
894 0.652906
895 0.645883
896 0.644851
897 0.658577
898 0.650343
899 0.645439
900 0.656921
901 0.646073
902 0.654226
903 0.646559
904 0.645925
905 0.653352
906 0.644499
907 0.64662
908 0.654681
909 0.644843
910 0.647154
911 0.655506
912 0.649083
913 0.64426
914 0.646844
915 0.651832
916 0.647755
917 0.647708
918 0.64784
919 0.64914
920 0.647306
921 0.666041
922 0.670521
923 0.665768
924 0.664011
925 0.666887
926 0.656933
927 0.666185
928 0.66462
929 0.658123
930 0.66007
931 0.658949
932 0.666085
933 0.665943
934 0.66497
935 0.661048
936 0.661567
937 0.669368
938 0.668398
939 0.675477
940 0.663116
941 0.66596
942 0.658902
943 0.658148
944 0.660331
945 0.663328
946 0.663402
947 0.662387
948 0.659005
949 0.663411
950 0.677597
951 0.675553
952 0.683655
953 0.671376
954 0.683755
955 0.679852
956 0.674907
957 0.682553
958 0.679661
959 0.666389
960 0.672778
961 0.680585
962 0.689171
963 0.683401
964 0.675843
965 0.686692
966 0.670135
967 0.682457
968 0.679956
969 0.680617
970 0.688024
971 0.683461
972 0.687803
973 0.677542
974 0.673877
975 0.684175
976 0.672156
977 0.680621
978 0.682301
979 0.683295
980 0.687134
981 0.671111
982 0.675543
983 0.674942
984 0.674191
985 0.671927
986 0.669312
987 0.682814
988 0.688807
989 0.670639
990 0.683821
991 0.682693
992 0.677098
993 0.677917
994 0.67948
995 0.691447
996 0.688691
997 0.678421
998 0.675756
999 0.676948
1000 0.68018
1001 0.694403
1002 0.688988
1003 0.673322
1004 0.686783
1005 0.679874
1006 0.679385
1007 0.682764
1008 0.677972
1009 0.672735
1010 0.684167
1011 0.688542
1012 0.691782
1013 0.684161
1014 0.684266
1015 0.686655
1016 0.68648
1017 0.678006
1018 0.677861
1019 0.695367
1020 0.68633
1021 0.689366
1022 0.679762
1023 0.677864
1024 0.691032
1025 0.68431
1026 0.693858
1027 0.684898
1028 0.681152
1029 0.677064
1030 0.674023
1031 0.690664
1032 0.786817
1033 0.76981
1034 0.764923
1035 0.75818
1036 0.765236
1037 0.757303
1038 0.785504
1039 0.764744
1040 0.77015
1041 0.776182
1042 0.776854
1043 0.77669
1044 0.774122
1045 0.772868
1046 0.776006
1047 0.784743
1048 0.760736
1049 0.767021
1050 0.78202
1051 0.770022
1052 0.778492
1053 0.779907
1054 0.761297
1055 0.767642
1056 0.772662
1057 0.789318
1058 0.769649
1059 0.776947
1060 0.776959
1061 0.784876
1062 0.784568
1063 0.780975
1064 0.77871
1065 0.774345
1066 0.781125
1067 0.776025
1068 0.779569
1069 0.777076
1070 0.77532
1071 0.785917
1072 0.775118
1073 0.790344
1074 0.781501
1075 0.772336
1076 0.788849
1077 0.783093
1078 0.787518
1079 0.781934
1080 0.786092
1081 0.790652
1082 0.789386
1083 0.778191
1084 0.772568
1085 0.780383
1086 0.784713
1087 0.782769
1088 0.779375
1089 0.789869
1090 0.782915
1091 0.783131
1092 0.761651
1093 0.787839
1094 0.783038
1095 0.789766
1096 0.781314
1097 0.785241
1098 0.78358
1099 0.781694
1100 0.787558
1101 0.791666
1102 0.782892
1103 0.78135
1104 0.78841
1105 0.774018
1106 0.771037
1107 0.781037
1108 0.779048
1109 0.782974
1110 0.775448
1111 0.787704
1112 0.783777
1113 0.782843
1114 0.769355
1115 0.778254
1116 0.785797
1117 0.782421
1118 0.787442
1119 0.784289
1120 0.771498
1121 0.780125
1122 0.778048
1123 0.783354
1124 0.784007
1125 0.783551
1126 0.777121
1127 0.797009
1128 0.783726
1129 0.778211
1130 0.788352
1131 0.785346
1132 0.789837
1133 0.790686
1134 0.776384
1135 0.780837
1136 0.785079
1137 0.780652
1138 0.778164
1139 0.784672
1140 0.779885
1141 0.786013
1142 0.788252
1143 0.786833
1144 0.783574
1145 0.785008
1146 0.784902
1147 0.783759
1148 0.782343
1149 0.785685
1150 0.787507
1151 0.780031
1152 0.783283
1153 0.787366
1154 0.79226
1155 0.78429
1156 0.785197
1157 0.778613
1158 0.788449
1159 0.782942
1160 0.780815
1161 0.78916
1162 0.780303
1163 0.788114
1164 0.782838
1165 0.784224
1166 0.785756
1167 0.786048
1168 0.797669
1169 0.787808
1170 0.779187
1171 0.782988
1172 0.787177
1173 0.785636
1174 0.78596
1175 0.776056
1176 0.786811
1177 0.78631
1178 0.786186
1179 0.778201
1180 0.792033
1181 0.795256
1182 0.782757
1183 0.787388
1184 0.783423
1185 0.782769
1186 0.777471
1187 0.789119
1188 0.787929
1189 0.786604
1190 0.787342
1191 0.790079
1192 0.790324
1193 0.785942
1194 0.786636
1195 0.786458
1196 0.78092
1197 0.791858
1198 0.786565
1199 0.785183
1200 0.788427
1201 0.78374
1202 0.79012
1203 0.790337
1204 0.788805
1205 0.787895
1206 0.788099
1207 0.788962
1208 0.790961
1209 0.789082
1210 0.786207
1211 0.784545
1212 0.782719
1213 0.788309
1214 0.793547
1215 0.786945
1216 0.781883
1217 0.782746
1218 0.79244
1219 0.788987
1220 0.78164
1221 0.7913
1222 0.785971
1223 0.784469
1224 0.784578
1225 0.793349
1226 0.787993
1227 0.784631
1228 0.794806
1229 0.783723
1230 0.785423
1231 0.786042
1232 0.785581
1233 0.786678
1234 0.785095
1235 0.783556
1236 0.788509
1237 0.78267
1238 0.792802
1239 0.794143
1240 0.795868
1241 0.791688
1242 0.792226
1243 0.795806
1244 0.791448
1245 0.794397
1246 0.788979
1247 0.788969
1248 0.789207
1249 0.793562
1250 0.794297
1251 0.798793
1252 0.78752
1253 0.791085
1254 0.796772
1255 0.795601
1256 0.790084
1257 0.794727
1258 0.790279
1259 0.795371
1260 0.790247
1261 0.788474
1262 0.789355
1263 0.799026
1264 0.799622
1265 0.790584
1266 0.789328
1267 0.787613
1268 0.793736
1269 0.786958
1270 0.789424
1271 0.789745
1272 0.789009
1273 0.792596
1274 0.790732
1275 0.792925
1276 0.78716
1277 0.791772
1278 0.78357
1279 0.791814
1280 0.79213
1281 0.791024
1282 0.795502
1283 0.788275
1284 0.795687
1285 0.800611
1286 0.796156
1287 0.789258
1288 0.794374
1289 0.792588
1290 0.787071
1291 0.791973
1292 0.793251
1293 0.785422
1294 0.796181
1295 0.787138
1296 0.797176
1297 0.794294
1298 0.788625
1299 0.793629
1300 0.793234
1301 0.796368
1302 0.790383
1303 0.789851
1304 0.823436
1305 0.818031
1306 0.821057
1307 0.821405
1308 0.827824
1309 0.818855
1310 0.82483
1311 0.824522
1312 0.822999
1313 0.822103
1314 0.822341
1315 0.819537
1316 0.822532
1317 0.826922
1318 0.826669
1319 0.818205
1320 0.816006
1321 0.822858
1322 0.822695
1323 0.819612
1324 0.823546
1325 0.820745
1326 0.822223
1327 0.820204
1328 0.819859
1329 0.823633
1330 0.821227
1331 0.821272
1332 0.819413
1333 0.819913
1334 0.822541
1335 0.822663
1336 0.826236
1337 0.823411
1338 0.830237
1339 0.819151
1340 0.82122
1341 0.82238
1342 0.818694
1343 0.827244
1344 0.820848
1345 0.819014
1346 0.825095
1347 0.822317
1348 0.823667
1349 0.822072
1350 0.820472
1351 0.821688
1352 0.822535
1353 0.820593
1354 0.824101
1355 0.817724
1356 0.821768
1357 0.82203
1358 0.823625
1359 0.819151
1360 0.816499
1361 0.823012
1362 0.823924
1363 0.822431
1364 0.823417
1365 0.817052
1366 0.820056
1367 0.818881
1368 0.820515
1369 0.822953
1370 0.827501
1371 0.826105
1372 0.818886
1373 0.81639
1374 0.821293
1375 0.82463
1376 0.824402
1377 0.819316
1378 0.825612
1379 0.820258
1380 0.821478
1381 0.821361
1382 0.820021
1383 0.819151
1384 0.827022
1385 0.818878
1386 0.820478
1387 0.821587
1388 0.820956
1389 0.823553
1390 0.82457
1391 0.821732
1392 0.821764
1393 0.827364
1394 0.819603
1395 0.818535
1396 0.823725
1397 0.820808
1398 0.820755
1399 0.821767
1400 0.819239
1401 0.82016
1402 0.819264
1403 0.822987
1404 0.821562
1405 0.823596
1406 0.820737
1407 0.820014
1408 0.822698
1409 0.824478
1410 0.822969
1411 0.822418
1412 0.82411
1413 0.823424
1414 0.819223
1415 0.825405
1416 0.818986
1417 0.820704
1418 0.819048
1419 0.821539
1420 0.820051
1421 0.820815
1422 0.82119
1423 0.824185
1424 0.821375
1425 0.81866
1426 0.823861
1427 0.817562
1428 0.818151
1429 0.824589
1430 0.823469
1431 0.819349
1432 0.824816
1433 0.822478
1434 0.823768
1435 0.827007
1436 0.824963
1437 0.823098
1438 0.817351
1439 0.81778
1440 0.82275
1441 0.819379
1442 0.823809
1443 0.82136
1444 0.825483
1445 0.82051
1446 0.821953
1447 0.823454
1448 0.82501
1449 0.818024
1450 0.861003
1451 0.86946
1452 0.86908
1453 0.861801
1454 0.864451
1455 0.869394
1456 0.86803
1457 0.867078
1458 0.86322
1459 0.86624
1460 0.866333
1461 0.867383
1462 0.865071
1463 0.866721
1464 0.865379
1465 0.862449
1466 0.868745
1467 0.863574
1468 0.863327
1469 0.86507
1470 0.870272
1471 0.865952
1472 0.866443
1473 0.866757
1474 0.863655
1475 0.863109
1476 0.864069
1477 0.871065
1478 0.86679
1479 0.864337
1480 0.862203
1481 0.866866
1482 0.863995
1483 0.868887
1484 0.865958
1485 0.861598
1486 0.868067
1487 0.867056
1488 0.866309
1489 0.867536
1490 0.863887
1491 0.867059
1492 0.869321
1493 0.867042
1494 0.866654
1495 0.863998
1496 0.867381
1497 0.863699
1498 0.866902
1499 0.866822
1500 0.861706
1501 0.867219
1502 0.866524
1503 0.864223
1504 0.863944
1505 0.867787
1506 0.865083
1507 0.864419
1508 0.865443
1509 0.864513
1510 0.867506
1511 0.869893
1512 0.862794
1513 0.867715
1514 0.863314
1515 0.869707
1516 0.866839
1517 0.866421
1518 0.86378
1519 0.868659
1520 0.868776
1521 0.863494
1522 0.871664
1523 0.874685
1524 0.87231
1525 0.862236
1526 0.865895
1527 0.863649
1528 0.867038
1529 0.866876
1530 0.865153
1531 0.861782
1532 0.864275
1533 0.869006
1534 0.867398
1535 0.865489
1536 0.865286
1537 0.868491
1538 0.864167
1539 0.865381
1540 0.867422
1541 0.867441
1542 0.861861
1543 0.865213
1544 0.873042
1545 0.866164
1546 0.866748
1547 0.867897
1548 0.864224
1549 0.868075
1550 0.867225
1551 0.867179
1552 0.865167
1553 0.867068
1554 0.86565
1555 0.866778
1556 0.86518
1557 0.866217
1558 0.867177
1559 0.868526
1560 0.863137
1561 0.865513
1562 0.865422
1563 0.865072
1564 0.863966
1565 0.869332
1566 0.863757
1567 0.865762
1568 0.869555
1569 0.865544
1570 0.865271
1571 0.865391
1572 0.86831
1573 0.868449
1574 0.863088
1575 0.867553
1576 0.866252
1577 0.868198
1578 0.863726
1579 0.86529
1580 0.867835
1581 0.870727
1582 0.865937
1583 0.868773
1584 0.867822
1585 0.866182
1586 0.86921
1587 0.869818
1588 0.865977
1589 0.864272
1590 0.865552
1591 0.86575
1592 0.863627
1593 0.868515
1594 0.86401
1595 0.868571
1596 0.864586
1597 0.870653
1598 0.867771
1599 0.873358
1600 0.865294
1601 0.862655
1602 0.867636
1603 0.864261
1604 0.86181
1605 0.871656
1606 0.867532
1607 0.869044
1608 0.867102
1609 0.864625
1610 0.864046
1611 0.866854
1612 0.872895
1613 0.867555
1614 0.864834
1615 0.869644
1616 0.863527
1617 0.862668
1618 0.86461
1619 0.866825
1620 0.86717
1621 0.868879
1622 0.868316
1623 0.868724
1624 0.869153
1625 0.86816
1626 0.867732
1627 0.866873
1628 0.86643
1629 0.871153
1630 0.868866
1631 0.867417
1632 0.867417
1633 0.870013
1634 0.865578
1635 0.86896
1636 0.869714
1637 0.870014
1638 0.864883
1639 0.861971
1640 0.867804
1641 0.866904
1642 0.877907
1643 0.87444
1644 0.871118
1645 0.875981
1646 0.870094
1647 0.877569
1648 0.877864
1649 0.875757
1650 0.87423
1651 0.875433
1652 0.870858
1653 0.878147
1654 0.872388
1655 0.867178
1656 0.871114
1657 0.870285
1658 0.87797
1659 0.874851
1660 0.871601
1661 0.888934
1662 0.887254
1663 0.888004
1664 0.886495
1665 0.887921
1666 0.888914
1667 0.887904
1668 0.887637
1669 0.888013
1670 0.888657
1671 0.888925
1672 0.887402
1673 0.890558
1674 0.88806
1675 0.888411
1676 0.887146
1677 0.887975
1678 0.885924
1679 0.888189
1680 0.889112
1681 0.888463
1682 0.888925
1683 0.886928
1684 0.886755
1685 0.889153
1686 0.885728
1687 0.886444
1688 0.889379
1689 0.887189
1690 0.888155
1691 0.888109
1692 0.888825
1693 0.889472
1694 0.887041
1695 0.889224
1696 0.886309
1697 0.886988
1698 0.887225
1699 0.886065
1700 0.887471
1701 0.889917
1702 0.889413
1703 0.887456
1704 0.888468
1705 0.887637
1706 0.886786
1707 0.887771
1708 0.88656
1709 0.888605
1710 0.888189
1711 0.887644
1712 0.888922
1713 0.888406
1714 0.888561
1715 0.886465
1716 0.887107
1717 0.885854
1718 0.886154
1719 0.887078
1720 0.889016
1721 0.888443
1722 0.888386
1723 0.889124
1724 0.887794
1725 0.885608
1726 0.886734
1727 0.887807
1728 0.887053
1729 0.887908
1730 0.889757
1731 0.887811
1732 0.885334
1733 0.888416
1734 0.888592
1735 0.887258
1736 0.887791
1737 0.887986
1738 0.888851
1739 0.886169
1740 0.887767
1741 0.887749
1742 0.887877
1743 0.888169
1744 0.889454
1745 0.888011
1746 0.887551
1747 0.889103
1748 0.895864
1749 0.892385
1750 0.891867
1751 0.894653
1752 0.891332
1753 0.891775
1754 0.894367
1755 0.891357
1756 0.890064
1757 0.894319
1758 0.894003
1759 0.892634
1760 0.890463
1761 0.893377
1762 0.893169
1763 0.891941
1764 0.894067
1765 0.889595
1766 0.891952
1767 0.892378
1768 0.8931
1769 0.894512
1770 0.89253
1771 0.920008
1772 0.900961
1773 0.901789
1774 0.916864
1775 0.89131
1776 0.921432
1777 0.911704
1778 0.924588
1779 0.892837
1780 0.90167
1781 0.890742
1782 0.898444
1783 0.8915
1784 0.895121
1785 0.912359
1786 0.921899
1787 0.891473
1788 0.896499
1789 0.892688
1790 0.897315
1791 0.914385
1792 0.909889
1793 0.892874
1794 0.894781
1795 0.898991
1796 0.898362
1797 0.894282
1798 0.900713
1799 0.90582
1800 0.896147
1801 0.894962
1802 0.899943
1803 0.896096
1804 0.907819
1805 0.899569
1806 0.907337
1807 0.917474
1808 0.900248
1809 0.893372
1810 0.901879
1811 0.900397
1812 0.897089
1813 0.894613
1814 0.923411
1815 0.891808
1816 0.894569
1817 0.90177
1818 0.891942
1819 0.910247
1820 0.903319
1821 0.907805
1822 0.894098
1823 0.895612
1824 0.923492
1825 0.895208
1826 0.895155
1827 0.895851
1828 0.893716
1829 0.906961
1830 0.89584
1831 0.897276
1832 0.899319
1833 0.920481
1834 0.894657
1835 0.894657
1836 0.945522
1837 0.896325
1838 0.895143
1839 0.896384
1840 0.895722
1841 0.895846
1842 0.898232
1843 0.898045
1844 0.899549
1845 0.894952
1846 0.89306
1847 0.897626
1848 0.897666
1849 0.903197
1850 0.946497
1851 0.893632
1852 0.894745
1853 0.907767
1854 0.904947
1855 0.933604
1856 0.904163
1857 0.899345
1858 0.894038
1859 0.945741
1860 0.90256
1861 0.904914
1862 0.901882
1863 0.914617
1864 0.906998
1865 0.911988
1866 0.904604
1867 0.906751
1868 0.945242
1869 0.903443
1870 0.904001
1871 0.904161
1872 0.904047
1873 0.906084
1874 0.903391
1875 0.903248
1876 0.902487
1877 0.902626
1878 0.903831
1879 0.903535
1880 0.904576
1881 0.905127
1882 0.90404
1883 0.901642
1884 0.904023
1885 0.909509
1886 0.904259
1887 0.905471
1888 0.90326
1889 0.903528
1890 0.901471
1891 0.925027
1892 0.902935
1893 0.904012
1894 0.905646
1895 0.915832
1896 0.901709
1897 0.904111
1898 0.915802
1899 0.903088
1900 0.908074
1901 0.903424
1902 0.904706
1903 0.903187
1904 0.919025
1905 0.901317
1906 0.906496
1907 0.902537
1908 0.929279
1909 0.901467
1910 0.903333
1911 0.903026
1912 0.903523
1913 0.945685
1914 0.903742
1915 0.904747
1916 0.903424
1917 0.919693
1918 0.905048
1919 0.905406
1920 0.913951
1921 0.904428
1922 0.903841
1923 0.902969
1924 0.903945
1925 0.902468
1926 0.902549
1927 0.904486
1928 0.908808
1929 0.904162
1930 0.914851
1931 0.903414
1932 0.908548
1933 0.903322
1934 0.90364
1935 0.904429
1936 0.902346
1937 0.904114
1938 0.924692
1939 0.919021
1940 0.903264
1941 0.912201
1942 0.907983
1943 0.902697
1944 0.903299
1945 0.903218
1946 0.903345
1947 0.905076
1948 0.901279
1949 0.904113
1950 0.90291
1951 0.904058
1952 0.903147
1953 0.904129
1954 0.906889
1955 0.903112
1956 0.902864
1957 0.903327
1958 0.904137
1959 0.903899
1960 0.905216
1961 0.903874
1962 0.902559
1963 0.902755
1964 0.902296
1965 0.903116
1966 0.902308
1967 0.904224
1968 0.903551
1969 0.926304
1970 0.936315
1971 0.904574
1972 0.903146
1973 0.903252
1974 0.904225
1975 0.904797
1976 0.904272
1977 0.908062
1978 0.935522
1979 0.907953
1980 0.90792
1981 0.914737
1982 0.908598
1983 0.908845
1984 0.908172
1985 0.906912
1986 0.913949
1987 0.907681
1988 0.922019
1989 0.910005
1990 0.908351
1991 0.908925
1992 0.909194
1993 0.907717
1994 0.907857
1995 0.909278
1996 0.908358
1997 0.907862
1998 0.907831
1999 0.908997
2000 0.908997
2001 0.925514
2002 0.907118
2003 0.908175
2004 0.908176
2005 0.910279
2006 0.908569
2007 0.907901
2008 0.90761
2009 0.945974
2010 0.946313
2011 0.908548
2012 0.90706
2013 0.907467
2014 0.918166
2015 0.907505
2016 0.908057
2017 0.907684
2018 0.907276
2019 0.907241
2020 0.907602
2021 0.907954
2022 0.9065
2023 0.908472
2024 0.914451
2025 0.907406
2026 0.907602
2027 0.907476
2028 0.909399
2029 0.910652
2030 0.945424
2031 0.908185
2032 0.908838
2033 0.908707
2034 0.90769
2035 0.908566
2036 0.908303
2037 0.907038
2038 0.906945
2039 0.908195
2040 0.91404
2041 0.907511
2042 0.907436
2043 0.935647
2044 0.909395
2045 0.907911
2046 0.908095
2047 0.907236
2048 0.916071
2049 0.92141
2050 0.907463
2051 0.908225
2052 0.908278
2053 0.908085
2054 0.918341
2055 0.909656
2056 0.945537
2057 0.913636
2058 0.908326
2059 0.907121
2060 0.913493
2061 0.907948
2062 0.908231
2063 0.908762
2064 0.908072
2065 0.908744
2066 0.907381
2067 0.908398
2068 0.908164
2069 0.908993
2070 0.907815
2071 0.909372
2072 0.907398
2073 0.907793
2074 0.908067
2075 0.909066
2076 0.914769
2077 0.912309
2078 0.911839
2079 0.911699
2080 0.912653
2081 0.912555
2082 0.914738
2083 0.910678
2084 0.912127
2085 0.914861
2086 0.914571
2087 0.913815
2088 0.913828
2089 0.911533
2090 0.914934
2091 0.91501
2092 0.914454
2093 0.912895
2094 0.911772
2095 0.914426
2096 0.912577
2097 0.915303
2098 0.913417
2099 0.913816
2100 0.911785
2101 0.913739
2102 0.913185
2103 0.915123
2104 0.914482
2105 0.913159
2106 0.912873
2107 0.9118
2108 0.913186
2109 0.912448
2110 0.914135
2111 0.913254
2112 0.914131
2113 0.913601
2114 0.915045
2115 0.914154
2116 0.915329
2117 0.912682
2118 0.913511
2119 0.912627
2120 0.91548
2121 0.913122
2122 0.913249
2123 0.914057
2124 0.913147
2125 0.913995
2126 0.912575
2127 0.911616
2128 0.913088
2129 0.914373
2130 0.913882
2131 0.911918
2132 0.913178
2133 0.916432
2134 0.917461
2135 0.91648
2136 0.915775
2137 0.917138
2138 0.91803
2139 0.916388
2140 0.917255
2141 0.916117
2142 0.917093
2143 0.916003
2144 0.917874
2145 0.917276
2146 0.916105
2147 0.91517
2148 0.917857
2149 0.91606
2150 0.917237
2151 0.916653
2152 0.917567
2153 0.915904
2154 0.916786
2155 0.916084
2156 0.917771
2157 0.917678
2158 0.915017
2159 0.917263
2160 0.916461
2161 0.916798
2162 0.916696
2163 0.91803
2164 0.917605
2165 0.916213
2166 0.916833
2167 0.915587
2168 0.916616
2169 0.916593
2170 0.916004
2171 0.916106
2172 0.915865
2173 0.916335
2174 0.916443
2175 0.916463
2176 0.917671
2177 0.916926
2178 0.916352
2179 0.917002
2180 0.915162
2181 0.916876
2182 0.91809
2183 0.916402
2184 0.917589
2185 0.915777
2186 0.916466
2187 0.916465
2188 0.916698
2189 0.91627
2190 0.917193
2191 0.917115
2192 0.916682
2193 0.91669
2194 0.91755
2195 0.917289
2196 0.918529
2197 0.917183
2198 0.918292
2199 0.917608
2200 0.916981
2201 0.917472
2202 0.918225
2203 0.916392
2204 0.916695
2205 0.916456
2206 0.917434
2207 0.917788
2208 0.917341
2209 0.917375
2210 0.917792
2211 0.918281
2212 0.916747
2213 0.916597
2214 0.916736
2215 0.917416
2216 0.918172
2217 0.917974
2218 0.917472
2219 0.916657
2220 0.917678
2221 0.917357
2222 0.917122
2223 0.91763
2224 0.917611
2225 0.916765
2226 0.91802
2227 0.917047
2228 0.917009
2229 0.917929
2230 0.917115
2231 0.918363
2232 0.917845
2233 0.917473
2234 0.917458
2235 0.917273
2236 0.917032
2237 0.918132
2238 0.918594
2239 0.917471
2240 0.918276
2241 0.918818
2242 0.917831
2243 0.917759
2244 0.916635
2245 0.916847
2246 0.917
2247 0.916934
2248 0.917086
2249 0.917745
2250 0.917623
2251 0.917101
2252 0.917194
2253 0.918109
2254 0.917767
2255 0.918078
2256 0.917535
2257 0.918398
2258 0.917942
2259 0.917624
2260 0.917556
2261 0.916982
2262 0.917746
2263 0.917796
2264 0.916726
2265 0.916852
2266 0.917808
2267 0.917877
2268 0.918305
2269 0.917798
2270 0.917956
2271 0.917553
2272 0.91837
2273 0.917162
2274 0.918684
2275 0.91766
2276 0.918061
2277 0.918041
2278 0.918177
2279 0.918441
2280 0.917896
2281 0.917954
2282 0.916578
2283 0.917412
2284 0.917602
2285 0.918157
2286 0.918114
2287 0.918522
2288 0.917987
2289 0.917359
2290 0.917396
2291 0.917543
2292 0.918047
2293 0.917424
2294 0.916905
2295 0.917879
2296 0.917388
2297 0.917584
2298 0.918685
2299 0.919004
2300 0.918091
2301 0.917699
2302 0.917606
2303 0.916643
2304 0.917829
2305 0.917767
2306 0.917175
2307 0.918545
2308 0.917996
2309 0.917414
2310 0.917632
2311 0.917574
2312 0.917528
2313 0.917191
2314 0.917297
2315 0.917354
2316 0.916632
2317 0.917762
2318 0.917859
2319 0.917961
2320 0.917385
2321 0.91802
2322 0.917229
2323 0.916802
2324 0.917911
2325 0.918031
2326 0.917482
2327 0.917699
2328 0.91761
2329 0.917067
2330 0.917653
2331 0.917382
2332 0.918138
2333 0.918161
2334 0.917577
2335 0.917947
2336 0.917726
2337 0.917676
2338 0.917513
2339 0.91706
2340 0.917648
2341 0.917905
2342 0.918472
2343 0.918489
2344 0.918707
2345 0.918247
2346 0.917553
2347 0.917878
2348 0.917223
2349 0.918796
2350 0.917328
2351 0.917477
2352 0.917502
2353 0.918025
2354 0.918505
2355 0.917597
2356 0.917657
2357 0.917158
2358 0.917145
2359 0.917349
2360 0.91775
2361 0.917592
2362 0.918211
2363 0.918283
2364 0.917359
2365 0.917419
2366 0.91768
2367 0.91744
2368 0.918751
2369 0.917439
2370 0.918271
2371 0.918199
2372 0.918606
2373 0.917156
2374 0.918553
2375 0.917561
2376 0.918124
2377 0.916978
2378 0.917448
2379 0.917898
2380 0.919435
2381 0.918313
2382 0.91771
2383 0.917949
2384 0.919087
2385 0.918172
2386 0.916874
2387 0.917843
2388 0.918154
2389 0.91749
2390 0.917827
2391 0.917632
2392 0.917112
2393 0.917724
2394 0.917255
2395 0.917521
2396 0.917626
2397 0.917494
2398 0.91818
2399 0.918102
2400 0.918361
2401 0.917711
2402 0.919335
2403 0.92068
2404 0.91927
2405 0.920243
2406 0.918224
2407 0.920989
2408 0.921661
2409 0.920609
2410 0.920931
2411 0.92142
2412 0.920663
2413 0.920027
2414 0.919742
2415 0.920364
2416 0.921461
2417 0.919746
2418 0.920008
2419 0.919788
2420 0.920774
2421 0.919518
2422 0.919881
2423 0.92017
2424 0.920641
2425 0.920845
2426 0.919304
2427 0.920232
2428 0.920245
2429 0.918496
2430 0.919381
2431 0.919813
2432 0.921178
2433 0.920948
2434 0.918763
2435 0.919907
2436 0.91999
2437 0.919199
2438 0.92038
2439 0.919746
2440 0.921307
2441 0.920645
2442 0.918841
2443 0.92077
2444 0.920026
2445 0.920307
2446 0.921366
2447 0.921271
2448 0.920583
2449 0.919451
2450 0.920263
2451 0.919289
2452 0.920626
2453 0.920326
2454 0.920676
2455 0.919964
2456 0.919001
2457 0.919279
2458 0.919173
2459 0.919577
2460 0.920791
2461 0.920847
2462 0.918182
2463 0.920526
2464 0.919842
2465 0.919671
2466 0.920886
2467 0.919464
2468 0.919921
2469 0.920753
2470 0.921534
2471 0.920049
2472 0.919822
2473 0.919275
2474 0.919456
2475 0.919108
2476 0.92062
2477 0.919203
2478 0.920266
2479 0.921876
2480 0.920057
2481 0.920189
2482 0.92084
2483 0.921847
2484 0.921788
2485 0.920823
2486 0.920176
2487 0.921343
2488 0.919744
2489 0.919788
2490 0.919664
2491 0.921687
2492 0.920087
2493 0.921174
2494 0.921041
2495 0.921725
2496 0.920506
2497 0.921202
2498 0.919712
2499 0.920792
2500 0.918704
2501 0.920637
2502 0.919741
2503 0.920881
2504 0.921547
2505 0.919547
2506 0.919615
2507 0.919707
2508 0.921047
2509 0.919427
2510 0.920777
2511 0.921046
2512 0.920089
2513 0.921484
2514 0.919159
2515 0.920745
2516 0.920408
2517 0.919457
2518 0.920903
2519 0.920985
2520 0.921011
2521 0.919717
2522 0.920279
2523 0.919577
2524 0.92202
2525 0.920169
2526 0.920242
2527 0.920965
2528 0.919832
2529 0.91883
2530 0.919773
2531 0.919416
2532 0.920552
2533 0.920177
2534 0.919805
2535 0.919429
2536 0.920785
2537 0.919411
2538 0.919459
2539 0.921497
2540 0.920744
2541 0.919819
2542 0.920287
2543 0.919952
2544 0.919421
2545 0.920219
2546 0.920181
2547 0.920317
2548 0.919397
2549 0.919785
2550 0.920079
2551 0.919518
2552 0.919799
2553 0.919732
2554 0.91896
2555 0.919498
2556 0.920257
2557 0.919751
2558 0.919605
2559 0.920949
2560 0.91972
2561 0.919697
2562 0.921931
2563 0.921463
2564 0.919296
2565 0.920419
2566 0.920669
2567 0.91982
2568 0.919436
2569 0.91989
2570 0.920195
2571 0.921377
2572 0.920456
2573 0.919719
2574 0.920123
2575 0.920977
2576 0.919644
2577 0.921275
2578 0.920285
2579 0.920164
2580 0.919973
2581 0.919397
2582 0.920575
2583 0.919838
2584 0.920651
2585 0.920188
2586 0.919509
2587 0.920767
2588 0.919233
2589 0.920108
2590 0.921226
2591 0.919314
2592 0.920021
2593 0.920008
2594 0.919565
2595 0.922115
2596 0.920457
2597 0.919363
2598 0.919434
2599 0.920815
2600 0.920087
2601 0.919048
2602 0.920443
2603 0.919842
2604 0.919952
2605 0.920286
2606 0.920886
2607 0.920194
2608 0.921271
2609 0.918412
2610 0.918991
2611 0.921596
2612 0.919761
2613 0.919552
2614 0.92138
2615 0.919746
2616 0.920356
2617 0.9194
2618 0.919931
2619 0.92039
2620 0.92025
2621 0.920255
2622 0.92004
2623 0.921401
2624 0.918224
2625 0.919292
2626 0.918936
2627 0.919922
2628 0.920633
2629 0.919084
2630 0.920271
2631 0.919853
2632 0.919528
2633 0.920573
2634 0.920667
2635 0.919504
2636 0.920167
2637 0.919652
2638 0.919601
2639 0.919879
2640 0.920526
2641 0.920424
2642 0.920508
2643 0.922428
2644 0.920234
2645 0.920371
2646 0.921229
2647 0.920267
2648 0.919784
2649 0.920479
2650 0.919823
2651 0.920968
2652 0.921924
2653 0.920313
2654 0.920768
2655 0.920712
2656 0.91941
2657 0.921521
2658 0.921077
2659 0.921882
2660 0.919444
2661 0.918638
2662 0.920667
2663 0.919455
2664 0.920364
2665 0.921057
2666 0.919282
2667 0.919768
2668 0.920001
2669 0.920603
2670 0.918434
2671 0.918605
2672 0.921156
2673 0.919233
2674 0.919435
2675 0.920397
2676 0.919718
2677 0.920281
2678 0.920724
2679 0.922069
2680 0.918669
2681 0.9202
2682 0.920402
2683 0.920651
2684 0.920526
2685 0.919718
2686 0.920055
2687 0.920216
2688 0.918141
2689 0.91929
2690 0.919574
2691 0.918763
2692 0.919735
2693 0.919902
2694 0.919811
2695 0.9197
2696 0.919814
2697 0.920079
2698 0.920297
2699 0.918964
2700 0.922244
2701 0.920868
2702 0.920094
2703 0.920756
2704 0.918872
2705 0.922036
2706 0.920911
2707 0.921382
2708 0.919924
2709 0.920841
2710 0.919801
2711 0.920011
2712 0.91993
2713 0.920317
2714 0.920194
2715 0.919836
2716 0.919891
2717 0.920051
2718 0.919639
2719 0.920771
2720 0.919961
2721 0.920622
2722 0.920618
2723 0.920817
2724 0.921002
2725 0.920494
2726 0.921218
2727 0.921042
2728 0.919819
2729 0.91992
2730 0.919819
2731 0.920531
2732 0.919919
2733 0.920688
2734 0.920135
2735 0.92055
2736 0.919216
2737 0.920879
2738 0.920209
2739 0.920125
2740 0.919857
2741 0.919473
2742 0.921119
2743 0.918798
2744 0.919718
2745 0.91949
2746 0.921574
2747 0.92029
2748 0.92042
2749 0.920729
2750 0.921164
2751 0.919991
2752 0.920217
2753 0.921731
2754 0.920143
2755 0.919543
2756 0.920233
2757 0.920736
2758 0.921448
2759 0.919127
2760 0.920209
2761 0.919788
2762 0.921181
2763 0.92063
2764 0.921265
2765 0.920021
2766 0.92005
2767 0.920725
2768 0.920271
2769 0.920842
2770 0.920037
2771 0.920693
2772 0.91916
2773 0.920652
2774 0.920465
2775 0.920631
2776 0.919573
2777 0.919399
2778 0.919551
2779 0.919709
2780 0.920219
2781 0.920891
2782 0.920019
2783 0.9213
2784 0.919958
2785 0.921556
2786 0.919963
2787 0.919967
2788 0.91965
2789 0.92034
2790 0.920674
2791 0.921278
2792 0.919993
2793 0.920395
2794 0.921028
2795 0.920102
2796 0.919579
2797 0.920554
2798 0.920232
2799 0.920293
2800 0.920518
2801 0.920069
2802 0.920821
2803 0.9199
2804 0.920139
2805 0.920726
2806 0.920111
2807 0.919834
2808 0.919548
2809 0.920682
2810 0.920551
2811 0.91996
2812 0.920053
2813 0.919938
2814 0.920659
2815 0.920412
2816 0.921093
2817 0.921466
2818 0.920754
2819 0.921024
2820 0.921701
2821 0.920346
2822 0.921185
2823 0.919939
2824 0.919929
2825 0.920129
2826 0.920483
2827 0.920388
2828 0.920466
2829 0.921041
2830 0.920576
2831 0.919627
2832 0.920596
2833 0.920201
2834 0.920225
2835 0.920615
2836 0.919914
2837 0.919984
2838 0.920055
2839 0.919178
2840 0.920088
2841 0.920147
2842 0.91964
2843 0.92052
2844 0.920612
2845 0.921085
2846 0.920593
2847 0.920973
2848 0.9195
2849 0.920361
2850 0.920377
2851 0.920255
2852 0.919343
2853 0.919772
2854 0.920416
2855 0.919345
2856 0.921618
2857 0.920247
2858 0.919393
2859 0.920349
2860 0.919909
2861 0.921673
2862 0.920045
2863 0.91932
2864 0.920085
2865 0.920523
2866 0.921198
2867 0.919175
2868 0.920391
2869 0.920511
2870 0.921743
2871 0.921282
2872 0.920082
2873 0.921233
2874 0.919201
2875 0.919903
2876 0.921258
2877 0.920636
2878 0.920925
2879 0.920909
2880 0.920601
2881 0.920695
2882 0.920359
2883 0.921373
2884 0.919458
2885 0.920681
2886 0.920064
2887 0.919968
2888 0.919408
2889 0.920392
2890 0.919746
2891 0.919337
2892 0.920266
2893 0.920438
2894 0.919793
2895 0.920044
2896 0.921211
2897 0.920244
2898 0.920455
2899 0.91873
2900 0.92055
2901 0.920849
2902 0.919696
2903 0.920254
2904 0.919935
2905 0.92141
2906 0.920804
2907 0.9203
2908 0.919899
2909 0.919378
2910 0.920481
2911 0.920594
2912 0.920252
2913 0.919866
2914 0.919988
2915 0.920319
2916 0.921432
2917 0.920267
2918 0.919104
2919 0.919893
2920 0.920715
2921 0.920454
2922 0.920751
2923 0.920611
2924 0.92005
2925 0.920585
2926 0.921074
2927 0.92144
2928 0.919753
2929 0.921342
2930 0.920709
2931 0.920413
2932 0.92009
2933 0.918966
2934 0.919139
2935 0.920733
2936 0.918995
2937 0.919763
2938 0.920452
2939 0.920878
2940 0.920384
2941 0.920196
2942 0.920257
2943 0.92028
2944 0.919504
2945 0.920938
2946 0.920035
2947 0.920513
2948 0.919933
2949 0.920392
2950 0.920715
2951 0.922067
2952 0.920708
2953 0.922041
2954 0.920621
2955 0.919988
2956 0.919065
2957 0.921621
2958 0.92085
2959 0.919939
2960 0.9208
2961 0.920366
2962 0.921275
2963 0.920177
2964 0.920724
2965 0.920961
2966 0.920329
2967 0.92116
2968 0.919863
2969 0.920838
2970 0.920073
2971 0.921732
2972 0.920098
2973 0.921029
2974 0.920455
2975 0.91969
2976 0.920757
2977 0.920151
2978 0.920341
2979 0.920117
2980 0.919995
2981 0.921066
2982 0.920854
2983 0.919899
2984 0.919686
2985 0.920349
2986 0.919645
2987 0.919747
2988 0.919935
2989 0.919639
2990 0.920809
2991 0.919056
2992 0.920305
2993 0.920199
2994 0.920635
2995 0.919867
2996 0.91981
2997 0.919866
2998 0.92043
2999 0.920156
3000 0.920675
3001 0.920101
3002 0.920827
3003 0.920168
3004 0.919528
3005 0.919802
3006 0.919288
3007 0.918741
3008 0.918956
3009 0.920441
3010 0.920374
3011 0.921866
3012 0.918949
3013 0.918987
3014 0.920536
3015 0.920226
3016 0.919872
3017 0.919835
3018 0.919087
3019 0.920266
3020 0.919803
3021 0.920092
3022 0.919929
3023 0.919431
3024 0.920508
3025 0.920176
3026 0.920086
3027 0.92044
3028 0.919537
3029 0.92133
3030 0.921011
3031 0.919605
3032 0.921079
3033 0.919999
3034 0.920661
3035 0.919449
3036 0.920001
3037 0.921011
3038 0.919822
3039 0.918914
3040 0.920877
3041 0.920564
3042 0.920023
3043 0.919663
3044 0.921034
3045 0.920512
3046 0.920014
3047 0.921279
3048 0.920147
3049 0.919673
3050 0.920834
3051 0.920094
3052 0.919639
3053 0.921095
3054 0.920238
3055 0.919284
3056 0.920017
3057 0.919785
3058 0.920241
3059 0.921159
3060 0.920738
3061 0.919156
3062 0.920734
3063 0.920229
3064 0.920443
3065 0.91971
3066 0.921482
3067 0.921924
3068 0.92107
3069 0.920551
3070 0.919541
3071 0.919649
3072 0.920152
3073 0.921015
3074 0.920497
3075 0.920526
3076 0.919921
3077 0.91974
3078 0.920835
3079 0.919411
3080 0.92065
3081 0.919431
3082 0.920844
3083 0.921602
3084 0.920683
3085 0.920701
3086 0.920603
3087 0.920027
3088 0.920972
3089 0.919849
3090 0.919072
3091 0.92034
3092 0.920742
3093 0.920709
3094 0.920486
3095 0.921081
3096 0.919406
3097 0.920782
3098 0.919698
3099 0.920174
3100 0.919747
3101 0.920465
3102 0.920236
3103 0.921104
3104 0.920126
3105 0.919771
3106 0.920374
3107 0.919329
3108 0.920165
3109 0.920912
3110 0.919409
3111 0.920606
3112 0.919647
3113 0.919405
3114 0.919819
3115 0.920178
3116 0.921498
3117 0.919862
3118 0.920529
3119 0.921782
3120 0.920573
3121 0.92003
3122 0.920627
3123 0.920616
3124 0.920163
3125 0.919672
3126 0.920522
3127 0.921236
3128 0.920777
3129 0.920705
3130 0.919696
3131 0.920358
3132 0.920956
3133 0.920782
3134 0.920502
3135 0.920093
3136 0.920125
3137 0.92065
3138 0.922441
3139 0.920842
3140 0.91987
3141 0.92035
3142 0.920087
3143 0.920997
3144 0.919433
3145 0.920122
3146 0.920206
3147 0.920584
3148 0.920197
3149 0.921382
3150 0.919915
3151 0.921319
3152 0.920858
3153 0.920451
3154 0.920696
3155 0.92017
3156 0.919595
3157 0.920389
3158 0.920373
3159 0.921792
3160 0.919194
3161 0.920112
3162 0.919868
3163 0.920357
3164 0.920319
3165 0.919705
3166 0.921321
3167 0.919673
3168 0.920529
3169 0.920597
3170 0.921535
3171 0.919941
3172 0.91966
3173 0.920437
3174 0.921526
3175 0.920838
3176 0.921059
3177 0.919834
3178 0.920126
3179 0.921617
3180 0.919765
3181 0.920089
3182 0.919962
3183 0.920542
3184 0.920886
3185 0.920339
3186 0.920368
3187 0.9195
3188 0.92043
3189 0.918802
3190 0.91946
3191 0.919451
3192 0.920654
3193 0.920227
3194 0.921456
3195 0.92028
3196 0.919351
3197 0.91977
3198 0.920928
3199 0.921288
3200 0.919557
3201 0.919999
3202 0.919784
3203 0.920952
3204 0.920256
3205 0.920326
3206 0.92018
3207 0.920234
3208 0.920631
3209 0.92043
3210 0.920654
3211 0.920939
3212 0.921336
3213 0.920531
3214 0.920586
3215 0.919922
3216 0.920293
3217 0.920556
3218 0.919859
3219 0.92062
3220 0.920412
3221 0.920521
3222 0.921111
3223 0.920187
3224 0.921128
3225 0.92096
3226 0.920259
3227 0.921026
3228 0.91997
3229 0.919939
3230 0.921311
3231 0.921412
3232 0.919516
3233 0.919949
3234 0.920571
3235 0.920512
3236 0.919789
3237 0.920738
3238 0.920061
3239 0.919286
3240 0.9199
3241 0.920083
3242 0.920322
3243 0.919957
3244 0.919761
3245 0.920673
3246 0.920601
3247 0.919044
3248 0.920108
3249 0.919458
3250 0.919858
3251 0.920453
3252 0.921138
3253 0.920821
3254 0.920072
3255 0.920675
3256 0.920755
3257 0.920356
3258 0.92
3259 0.920501
3260 0.92055
3261 0.9211
3262 0.919822
3263 0.91983
3264 0.919726
3265 0.921482
3266 0.919965
3267 0.920129
3268 0.921258
3269 0.92055
3270 0.920768
3271 0.920206
3272 0.920448
3273 0.920227
3274 0.920711
3275 0.921484
3276 0.919342
3277 0.919587
3278 0.920085
3279 0.91992
3280 0.920008
3281 0.920523
3282 0.921552
3283 0.921032
3284 0.920169
3285 0.92061
3286 0.920891
3287 0.920586
3288 0.920904
3289 0.920365
3290 0.920868
3291 0.921324
3292 0.920412
3293 0.920468
3294 0.920477
3295 0.92104
3296 0.920086
3297 0.920345
3298 0.920608
3299 0.920228
3300 0.919826
3301 0.920301
3302 0.920279
3303 0.919665
3304 0.920719
3305 0.920351
3306 0.920124
3307 0.921795
3308 0.920139
3309 0.921071
3310 0.9199
3311 0.920243
3312 0.92098
3313 0.919391
3314 0.919804
3315 0.92185
3316 0.920609
3317 0.920398
3318 0.920481
3319 0.920999
3320 0.919844
3321 0.920474
3322 0.920357
3323 0.921484
3324 0.921386
3325 0.921865
3326 0.92181
3327 0.919887
3328 0.920077
3329 0.920882
3330 0.921105
3331 0.920415
3332 0.919874
3333 0.920557
3334 0.920287
3335 0.920888
3336 0.920869
3337 0.920484
3338 0.921595
3339 0.920311
3340 0.920337
3341 0.92042
3342 0.920051
3343 0.920629
3344 0.920264
3345 0.920058
3346 0.920084
3347 0.918947
3348 0.920545
3349 0.920312
3350 0.921664
3351 0.920095
3352 0.919426
3353 0.919701
3354 0.919589
3355 0.920396
3356 0.920574
3357 0.920004
3358 0.919752
3359 0.920236
3360 0.919611
3361 0.920554
3362 0.921963
3363 0.920362
3364 0.920147
3365 0.92043
3366 0.921366
3367 0.921151
3368 0.920152
3369 0.920013
3370 0.921775
3371 0.920437
3372 0.92014
3373 0.920948
3374 0.921811
3375 0.919738
3376 0.921011
3377 0.920578
3378 0.920782
3379 0.919733
3380 0.921189
3381 0.920118
3382 0.920942
3383 0.920091
3384 0.92112
3385 0.92068
3386 0.920432
3387 0.920939
3388 0.920279
3389 0.920522
3390 0.919962
3391 0.920562
3392 0.920751
3393 0.921335
3394 0.920197
3395 0.919372
3396 0.920338
3397 0.919922
3398 0.920073
3399 0.920641
3400 0.920628
3401 0.92003
3402 0.919665
3403 0.921603
3404 0.920552
3405 0.921544
3406 0.920457
3407 0.919408
3408 0.920222
3409 0.920176
3410 0.920335
3411 0.920318
3412 0.92069
3413 0.920441
3414 0.920159
3415 0.919733
3416 0.921151
3417 0.920836
3418 0.920029
3419 0.920376
3420 0.920138
3421 0.920091
3422 0.921148
3423 0.920142
3424 0.920053
3425 0.919453
3426 0.920168
3427 0.920027
3428 0.920681
3429 0.920116
3430 0.920109
3431 0.919763
3432 0.919508
3433 0.919683
3434 0.91998
3435 0.919207
3436 0.919419
3437 0.919936
3438 0.921135
3439 0.920746
3440 0.920518
3441 0.920864
3442 0.919867
3443 0.921183
3444 0.920812
3445 0.920575
3446 0.920768
3447 0.921534
3448 0.920488
3449 0.919282
3450 0.920648
3451 0.920289
3452 0.920562
3453 0.920322
3454 0.920067
3455 0.921273
3456 0.920594
3457 0.920891
3458 0.920326
3459 0.920307
3460 0.920374
3461 0.921594
3462 0.920361
3463 0.920694
3464 0.920327
3465 0.920615
3466 0.920376
3467 0.92068
3468 0.920942
3469 0.921482
3470 0.920864
3471 0.919761
3472 0.920246
3473 0.920125
3474 0.92025
3475 0.919988
3476 0.919472
3477 0.920454
3478 0.920535
3479 0.92056
3480 0.920208
3481 0.921014
3482 0.92035
3483 0.919954
3484 0.919776
3485 0.919687
3486 0.919979
3487 0.920836
3488 0.919707
3489 0.919854
3490 0.921969
3491 0.920955
3492 0.920492
3493 0.920718
3494 0.920218
3495 0.92041
3496 0.920917
3497 0.919997
3498 0.920643
3499 0.920456
3500 0.919897
3501 0.920357
3502 0.919981
3503 0.919965
3504 0.920041
3505 0.921357
3506 0.920177
3507 0.921555
3508 0.921391
3509 0.919463
3510 0.920638
3511 0.919283
3512 0.919749
3513 0.921937
3514 0.920228
3515 0.921021
3516 0.921339
3517 0.919833
3518 0.920095
3519 0.920923
3520 0.920155
3521 0.921882
3522 0.921222
3523 0.920909
3524 0.920455
3525 0.921397
3526 0.920353
3527 0.919426
3528 0.920577
3529 0.920545
3530 0.920341
3531 0.920839
3532 0.921396
3533 0.920153
3534 0.920323
3535 0.920391
3536 0.920241
3537 0.919963
3538 0.920755
3539 0.919375
3540 0.920058
3541 0.920964
3542 0.920778
3543 0.920824
3544 0.920207
3545 0.920737
3546 0.920163
3547 0.920156
3548 0.920806
3549 0.92092
3550 0.920495
3551 0.919902
3552 0.921022
3553 0.921054
3554 0.920432
3555 0.920112
3556 0.92119
3557 0.919535
3558 0.920779
3559 0.921323
3560 0.920119
3561 0.920812
3562 0.921151
3563 0.921345
3564 0.92083
3565 0.920233
3566 0.920199
3567 0.92015
3568 0.921551
3569 0.920957
3570 0.921043
3571 0.920867
3572 0.920271
3573 0.920637
3574 0.919803
3575 0.92092
3576 0.919923
3577 0.920402
3578 0.920276
3579 0.921181
3580 0.920854
3581 0.920011
3582 0.921145
3583 0.922129
3584 0.920223
3585 0.920746
3586 0.920211
3587 0.920194
3588 0.921099
3589 0.92049
3590 0.919903
3591 0.920509
3592 0.920735
3593 0.920772
3594 0.920511
3595 0.920708
3596 0.919823
3597 0.920263
3598 0.920256
3599 0.919697
3600 0.919924
3601 0.919998
3602 0.920989
3603 0.920764
3604 0.920126
3605 0.921662
3606 0.920311
3607 0.920562
3608 0.920307
3609 0.920019
3610 0.920317
3611 0.919973
3612 0.920362
3613 0.921658
3614 0.921252
3615 0.92049
3616 0.920232
3617 0.920113
3618 0.921083
3619 0.921127
3620 0.920985
3621 0.919973
3622 0.919638
3623 0.920047
3624 0.921129
3625 0.921018
3626 0.921508
3627 0.919876
3628 0.921522
3629 0.919702
3630 0.920366
3631 0.919549
3632 0.921821
3633 0.920296
3634 0.921032
3635 0.920396
3636 0.919905
3637 0.920963
3638 0.920468
3639 0.921821
3640 0.920197
3641 0.919557
3642 0.920895
3643 0.919737
3644 0.920598
3645 0.920062
3646 0.920604
3647 0.921197
3648 0.920647
3649 0.919577
3650 0.920213
3651 0.920627
3652 0.920727
3653 0.919934
3654 0.921318
3655 0.920888
3656 0.920159
3657 0.920027
3658 0.92032
3659 0.920084
3660 0.920132
3661 0.920738
3662 0.921383
3663 0.920217
3664 0.92029
3665 0.920305
3666 0.920499
3667 0.920021
3668 0.920667
3669 0.920282
3670 0.920254
3671 0.920139
3672 0.92051
3673 0.920722
3674 0.920442
3675 0.920742
3676 0.920495
3677 0.921265
3678 0.920114
3679 0.921323
3680 0.919807
3681 0.920586
3682 0.920317
3683 0.920632
3684 0.920987
3685 0.920385
3686 0.919883
3687 0.920121
3688 0.921571
3689 0.92006
3690 0.921793
3691 0.921207
3692 0.920643
3693 0.92056
3694 0.921104
3695 0.921073
3696 0.920412
3697 0.919987
3698 0.920575
3699 0.920702
3700 0.920315
3701 0.92103
3702 0.920135
3703 0.920761
3704 0.919991
3705 0.920873
3706 0.920329
3707 0.920463
3708 0.920881
3709 0.920443
3710 0.920179
3711 0.921027
3712 0.920523
3713 0.920223
3714 0.919775
3715 0.920127
3716 0.920481
3717 0.920598
3718 0.921779
3719 0.920241
3720 0.920533
3721 0.920707
3722 0.92022
3723 0.919945
3724 0.920211
3725 0.919701
3726 0.920751
3727 0.921019
3728 0.920926
3729 0.919553
3730 0.920494
3731 0.919884
3732 0.921035
3733 0.920429
3734 0.922166
3735 0.920767
3736 0.919823
3737 0.920208
3738 0.920366
3739 0.920554
3740 0.920053
3741 0.920619
3742 0.920643
3743 0.920303
3744 0.92074
3745 0.921331
3746 0.921305
3747 0.920454
3748 0.919841
3749 0.920917
3750 0.921074
3751 0.920541
3752 0.920958
3753 0.920023
3754 0.920629
3755 0.92027
3756 0.920964
3757 0.919812
3758 0.920948
3759 0.920979
3760 0.920577
3761 0.920214
3762 0.920555
3763 0.920804
3764 0.920939
3765 0.920802
3766 0.921009
3767 0.92039
3768 0.92025
3769 0.921044
3770 0.920738
3771 0.920709
3772 0.920776
3773 0.921218
3774 0.921682
3775 0.921168
3776 0.92044
3777 0.920883
3778 0.92086
3779 0.920618
3780 0.920724
3781 0.920218
3782 0.920976
3783 0.921421
3784 0.920512
3785 0.920931
3786 0.921762
3787 0.920617
3788 0.920828
3789 0.921175
3790 0.920171
3791 0.920387
3792 0.920211
3793 0.920983
3794 0.920495
3795 0.920492
3796 0.921085
3797 0.920377
3798 0.92088
3799 0.920563
3800 0.920534
3801 0.920141
3802 0.9202
3803 0.920317
3804 0.920175
3805 0.920709
3806 0.921063
3807 0.920661
3808 0.920608
3809 0.920515
3810 0.920438
3811 0.921006
3812 0.921031
3813 0.920595
3814 0.920439
3815 0.920394
3816 0.920616
3817 0.920903
3818 0.920851
3819 0.920551
3820 0.920627
3821 0.919606
3822 0.920425
3823 0.920174
3824 0.920238
3825 0.920908
3826 0.919914
3827 0.920218
3828 0.920288
3829 0.921056
3830 0.92088
3831 0.919943
3832 0.920792
3833 0.920422
3834 0.920847
3835 0.921884
3836 0.920366
3837 0.920469
3838 0.920522
3839 0.920054
3840 0.920408
3841 0.920419
3842 0.921034
3843 0.920937
3844 0.921124
3845 0.920981
3846 0.920906
3847 0.921261
3848 0.920675
3849 0.922184
3850 0.920805
3851 0.920507
3852 0.92056
3853 0.920548
3854 0.920773
3855 0.92054
3856 0.920425
3857 0.920468
3858 0.919943
3859 0.922217
3860 0.92109
3861 0.920184
3862 0.920563
3863 0.920473
3864 0.920614
3865 0.921108
3866 0.920717
3867 0.920126
3868 0.919833
3869 0.920694
3870 0.920656
3871 0.919952
3872 0.920732
3873 0.920268
3874 0.920264
3875 0.920546
3876 0.920585
3877 0.920887
3878 0.921081
3879 0.921071
3880 0.920904
3881 0.920676
3882 0.920395
3883 0.920236
3884 0.920437
3885 0.920547
3886 0.920586
3887 0.920313
3888 0.920176
3889 0.920442
3890 0.920602
3891 0.921357
3892 0.920836
3893 0.921051
3894 0.921174
3895 0.920528
3896 0.919981
3897 0.919996
3898 0.920768
3899 0.920413
3900 0.92029
3901 0.920432
3902 0.921279
3903 0.920381
3904 0.921084
3905 0.9205
3906 0.920445
3907 0.920664
3908 0.920291
3909 0.920114
3910 0.919865
3911 0.920621
3912 0.920331
3913 0.920513
3914 0.919743
3915 0.919592
3916 0.920037
3917 0.920993
3918 0.920589
3919 0.921675
3920 0.921182
3921 0.920696
3922 0.920292
3923 0.919968
3924 0.92137
3925 0.920158
3926 0.920483
3927 0.919739
3928 0.920683
3929 0.919124
3930 0.920265
3931 0.920186
3932 0.920442
3933 0.920692
3934 0.920369
3935 0.921237
3936 0.921194
3937 0.92078
3938 0.920794
3939 0.92108
3940 0.919479
3941 0.920903
3942 0.920913
3943 0.920559
3944 0.920807
3945 0.920732
3946 0.920244
3947 0.920411
3948 0.920221
3949 0.920097
3950 0.921068
3951 0.920355
3952 0.920106
3953 0.92045
3954 0.920457
3955 0.92042
3956 0.920651
3957 0.920436
3958 0.920286
3959 0.920699
3960 0.919545
3961 0.920669
3962 0.92129
3963 0.920809
3964 0.921151
3965 0.922085
3966 0.92021
3967 0.921244
3968 0.920362
3969 0.921023
3970 0.921528
3971 0.920272
3972 0.92
3973 0.921311
3974 0.921327
3975 0.919591
3976 0.920165
3977 0.919788
3978 0.921137
3979 0.920688
3980 0.920217
3981 0.921468
3982 0.921154
3983 0.921293
3984 0.920488
3985 0.920785
3986 0.920465
3987 0.920481
3988 0.920424
3989 0.921231
3990 0.91956
3991 0.921383
3992 0.920157
3993 0.92075
3994 0.920375
3995 0.920934
3996 0.921883
3997 0.920481
3998 0.92012
3999 0.920973
4000 0.920112
4001 0.920306
4002 0.920256
4003 0.921064
4004 0.920763
4005 0.920048
4006 0.920843
4007 0.920375
4008 0.920356
4009 0.920551
4010 0.920564
4011 0.92039
4012 0.920335
4013 0.920073
4014 0.921198
4015 0.920994
4016 0.920847
4017 0.920728
4018 0.920113
4019 0.920511
4020 0.921515
4021 0.921198
4022 0.920819
4023 0.920352
4024 0.920116
4025 0.921435
4026 0.920263
4027 0.920841
4028 0.920539
4029 0.920789
4030 0.920631
4031 0.919993
4032 0.921549
4033 0.920584
4034 0.920901
4035 0.920888
4036 0.92069
4037 0.920103
4038 0.920501
4039 0.920354
4040 0.921374
4041 0.920125
4042 0.920419
4043 0.921171
4044 0.920896
4045 0.920296
4046 0.92007
4047 0.920445
4048 0.92099
4049 0.920128
4050 0.920063
4051 0.920721
4052 0.921166
4053 0.920808
4054 0.920507
4055 0.920156
4056 0.920521
4057 0.920399
4058 0.920093
4059 0.921129
4060 0.920426
4061 0.92174
4062 0.921343
4063 0.920496
4064 0.91988
4065 0.920474
4066 0.92006
4067 0.920778
4068 0.92081
4069 0.920723
4070 0.920976
4071 0.921269
4072 0.919659
4073 0.920122
4074 0.920967
4075 0.920795
4076 0.920645
4077 0.921013
4078 0.920252
4079 0.92089
4080 0.920112
4081 0.920243
4082 0.92005
4083 0.920858
4084 0.920177
4085 0.920674
4086 0.920517
4087 0.919643
4088 0.920777
4089 0.920067
4090 0.920477
4091 0.920153
4092 0.920107
4093 0.919769
4094 0.920488
4095 0.920378
4096 0.920877
4097 0.921061
4098 0.920982
4099 0.921151
4100 0.920646
4101 0.920108
4102 0.921227
4103 0.920685
4104 0.92041
4105 0.920244
4106 0.920308
4107 0.920122
4108 0.920095
4109 0.920188
4110 0.920979
4111 0.920087
4112 0.920248
4113 0.920996
4114 0.920803
4115 0.920988
4116 0.919953
4117 0.92031
4118 0.920325
4119 0.920594
4120 0.920162
4121 0.920144
4122 0.920515
4123 0.921243
4124 0.920546
4125 0.920938
4126 0.920381
4127 0.919606
4128 0.921036
4129 0.919894
4130 0.920747
4131 0.920657
4132 0.919995
4133 0.9204
4134 0.920879
4135 0.920652
4136 0.920828
4137 0.921555
4138 0.919734
4139 0.921165
4140 0.920716
4141 0.920076
4142 0.921331
4143 0.920111
4144 0.92149
4145 0.919833
4146 0.92023
4147 0.919748
4148 0.920364
4149 0.920473
4150 0.91989
4151 0.920978
4152 0.920272
4153 0.920069
4154 0.920525
4155 0.921099
4156 0.922494
4157 0.920991
4158 0.920747
4159 0.920704
4160 0.920077
4161 0.920164
4162 0.920375
4163 0.92115
4164 0.92064
4165 0.921842
4166 0.920627
4167 0.922336
4168 0.921236
4169 0.920622
4170 0.920386
4171 0.919953
4172 0.921095
4173 0.920031
4174 0.92036
4175 0.920079
4176 0.921201
4177 0.919824
4178 0.921814
4179 0.92117
4180 0.922477
4181 0.92046
4182 0.922028
4183 0.921627
4184 0.921633
4185 0.920458
4186 0.929047
4187 0.92175
4188 0.922309
4189 0.92127
4190 0.920346
4191 0.925224
4192 0.924229
4193 0.920069
4194 0.924796
4195 0.921496
4196 0.921114
4197 0.922584
4198 0.921472
4199 0.919957
4200 0.92689
4201 0.921144
4202 0.92414
4203 0.924521
4204 0.921008
4205 0.922736
4206 0.923691
4207 0.920623
4208 0.924508
4209 0.925087
4210 0.921255
4211 0.919591
4212 0.921663
4213 0.922948
4214 0.924523
4215 0.923163
4216 0.922117
4217 0.920735
4218 0.923793
4219 0.9209
4220 0.921203
4221 0.923847
4222 0.921289
4223 0.922284
4224 0.925667
4225 0.920829
4226 0.9218
4227 0.924877
4228 0.920715
4229 0.921994
4230 0.920177
4231 0.926143
4232 0.9243
4233 0.921843
4234 0.920562
4235 0.920902
4236 0.92112
4237 0.921903
4238 0.923863
4239 0.923639
4240 0.926183
4241 0.923576
4242 0.920315
4243 0.922077
4244 0.925862
4245 0.921065
4246 0.920943
4247 0.92182
4248 0.920629
4249 0.923863
4250 0.923017
4251 0.921123
4252 0.922614
4253 0.922359
4254 0.923219
4255 0.925682
4256 0.920704
4257 0.920881
4258 0.921759
4259 0.925074
4260 0.925174
4261 0.925185
4262 0.926737
4263 0.92498
4264 0.925678
4265 0.924163
4266 0.925865
4267 0.923566
4268 0.925471
4269 0.926421
4270 0.924722
4271 0.924743
4272 0.92479
4273 0.926551
4274 0.925079
4275 0.925656
4276 0.923734
4277 0.926185
4278 0.925784
4279 0.925461
4280 0.926108
4281 0.926359
4282 0.925112
4283 0.924081
4284 0.925978
4285 0.92481
4286 0.923489
4287 0.926124
4288 0.927427
4289 0.925543
4290 0.927199
4291 0.926639
4292 0.926335
4293 0.92636
4294 0.927182
4295 0.925112
4296 0.926835
4297 0.925584
4298 0.927326
4299 0.926543
4300 0.927882
4301 0.923814
4302 0.92461
4303 0.925707
4304 0.924899
4305 0.926582
4306 0.926202
4307 0.927482
4308 0.925179
4309 0.925957
4310 0.924779
4311 0.925221
4312 0.927762
4313 0.924767
4314 0.940809
4315 0.936262
4316 0.937402
4317 0.939625
4318 0.940114
4319 0.938672
4320 0.939262
4321 0.938624
4322 0.940637
4323 0.935079
4324 0.938581
4325 0.941027
4326 0.936754
4327 0.93311
4328 0.940311
4329 0.938613
4330 0.935545
4331 0.940963
4332 0.942668
4333 0.938205
4334 0.934179
4335 0.940381
4336 0.938141
4337 0.940049
4338 0.941807
4339 0.937088
4340 0.942397
4341 0.945483
4342 0.943243
4343 0.94061
4344 0.932174
4345 0.942623
4346 0.938798
4347 0.945979
4348 0.937805
4349 0.938797
4350 0.939712
4351 0.934195
4352 0.940801
4353 0.939043
4354 0.937208
4355 0.940621
4356 0.936607
4357 0.94284
4358 0.934666
4359 0.940844
4360 0.935943
4361 0.936863
4362 0.940576
4363 0.939768
4364 0.934474
4365 0.940544
4366 0.94111
4367 0.934946
4368 0.938568
4369 0.941968
4370 0.93839
4371 0.937326
4372 0.941545
4373 0.936908
4374 0.939194
4375 0.929645
4376 0.942489
4377 0.935364
4378 0.941266
4379 0.935344
4380 0.937489
4381 0.935698
4382 0.939029
4383 0.93512
4384 0.933329
4385 0.938745
4386 0.938475
4387 0.940554
4388 0.931599
4389 0.943377
4390 0.94155
4391 0.937687
4392 0.939084
4393 0.938444
4394 0.940373
4395 0.936157
4396 0.935584
4397 0.935457
4398 0.931818
4399 0.939364
4400 0.931758
4401 0.935316
4402 0.939337
4403 0.944194
4404 0.939315
4405 0.942897
4406 0.934207
4407 0.941351
4408 0.939449
4409 0.940824
4410 0.939487
4411 0.936423
4412 0.939396
4413 0.94168
4414 0.944437
4415 0.936823
4416 0.938671
4417 0.935043
4418 0.940594
4419 0.945084
4420 0.941854
4421 0.939982
4422 0.938241
4423 0.935833
4424 0.940892
4425 0.942228
4426 0.937786
4427 0.936685
4428 0.936495
4429 0.939993
4430 0.937698
4431 0.934881
4432 0.941079
4433 0.93158
4434 0.939862
4435 0.938716
4436 0.942069
4437 0.938327
4438 0.94099
4439 0.936658
4440 0.939053
4441 0.941353
4442 0.935863
4443 0.940706
4444 0.941867
4445 0.935913
4446 0.941911
4447 0.940993
4448 0.936716
4449 0.934147
4450 0.943247
4451 0.939255
4452 0.939083
4453 0.939822
4454 0.940452
4455 0.939936
4456 0.939089
4457 0.937167
4458 0.936904
4459 0.939384
4460 0.938867
4461 0.936507
4462 0.940797
4463 0.938177
4464 0.938175
4465 0.939573
4466 0.936431
4467 0.942375
4468 0.94295
4469 0.935584
4470 0.935454
4471 0.937293
4472 0.935894
4473 0.94184
4474 0.938971
4475 0.938999
4476 0.941975
4477 0.945556
4478 0.939673
4479 0.935145
4480 0.938435
4481 0.940927
4482 0.939345
4483 0.939962
4484 0.936948
4485 0.939815
4486 0.942149
4487 0.938803
4488 0.938164
4489 0.936599
4490 0.941601
4491 0.94146
4492 0.937343
4493 0.936465
4494 0.93514
4495 0.937718
4496 0.938097
4497 0.937964
4498 0.938078
4499 0.938973
4500 0.937007
4501 0.936484
4502 0.940154
4503 0.935305
4504 0.938392
4505 0.943055
4506 0.942479
4507 0.937369
4508 0.940048
4509 0.936995
4510 0.937762
4511 0.939892
4512 0.940464
4513 0.941269
4514 0.937617
4515 0.940259
4516 0.934806
4517 0.93923
4518 0.940684
4519 0.937904
4520 0.935588
4521 0.938659
4522 0.940208
4523 0.943339
4524 0.939112
4525 0.940066
4526 0.941302
4527 0.938167
4528 0.935073
4529 0.938605
4530 0.937846
4531 0.940437
4532 0.937589
4533 0.93688
4534 0.935702
4535 0.940637
4536 0.939811
4537 0.940917
4538 0.936614
4539 0.937592
4540 0.940172
4541 0.941577
4542 0.936591
4543 0.93722
4544 0.93372
4545 0.938085
4546 0.937049
4547 0.936827
4548 0.938414
4549 0.934956
4550 0.938734
4551 0.936204
4552 0.940842
4553 0.939494
4554 0.939925
4555 0.933683
4556 0.940286
4557 0.937404
4558 0.935705
4559 0.939242
4560 0.93851
4561 0.936722
4562 0.936901
4563 0.939879
4564 0.946153
4565 0.938733
4566 0.937821
4567 0.939065
4568 0.935067
4569 0.934993
4570 0.948416
4571 0.94323
4572 0.940214
4573 0.940337
4574 0.941808
4575 0.946013
4576 0.951783
4577 0.942503
4578 0.943213
4579 0.935912
4580 0.947689
4581 0.94017
4582 0.952337
4583 0.942581
4584 0.939387
4585 0.94333
4586 0.940424
4587 0.940863
4588 0.94131
4589 0.940829
4590 0.944134
4591 0.940532
4592 0.944811
4593 0.946555
4594 0.93951
4595 0.943481
4596 0.941823
4597 0.939938
4598 0.936704
4599 0.946433
4600 0.941294
4601 0.943542
4602 0.941649
4603 0.944414
4604 0.943199
4605 0.945009
4606 0.936043
4607 0.938277
4608 0.947376
4609 0.935892
4610 0.944328
4611 0.938114
4612 0.939093
4613 0.941125
4614 0.947184
4615 0.943478
4616 0.946337
4617 0.938798
4618 0.942995
4619 0.942504
4620 0.940877
4621 0.939262
4622 0.944717
4623 0.939601
4624 0.942117
4625 0.941315
4626 0.938237
4627 0.943408
4628 0.941135
4629 0.947976
4630 0.941622
4631 0.938854
4632 0.946028
4633 0.948975
4634 0.939848
4635 0.938696
4636 0.941291
4637 0.941661
4638 0.943726
4639 0.947898
4640 0.947637
4641 0.946416
4642 0.950323
4643 0.940993
4644 0.939756
4645 0.94568
4646 0.937981
4647 0.943925
4648 0.94227
4649 0.943443
4650 0.938332
4651 0.944534
4652 0.943811
4653 0.942957
4654 0.947823
4655 0.940102
4656 0.942634
4657 0.944761
4658 0.936673
4659 0.94264
4660 0.937464
4661 0.939255
4662 0.94223
4663 0.937104
4664 0.940609
4665 0.944317
4666 0.940695
4667 0.943009
4668 0.948231
4669 0.949755
4670 0.942937
4671 0.946097
4672 0.939192
4673 0.944205
4674 0.94215
4675 0.945766
4676 0.937892
4677 0.941383
4678 0.940367
4679 0.940984
4680 0.939797
4681 0.939415
4682 0.94322
4683 0.944153
4684 0.941106
4685 0.938966
4686 0.944422
4687 0.940388
4688 0.948781
4689 0.938374
4690 0.947285
4691 0.941087
4692 0.940948
4693 0.94429
4694 0.940417
4695 0.944232
4696 0.939931
4697 0.942318
4698 0.94766
4699 0.94327
4700 0.942176
4701 0.94316
4702 0.94462
4703 0.9385
4704 0.946173
4705 0.943494
4706 0.944255
4707 0.943015
4708 0.948566
4709 0.943973
4710 0.943936
4711 0.943927
4712 0.94353
4713 0.941129
4714 0.940335
4715 0.946366
4716 0.942937
4717 0.945691
4718 0.941026
4719 0.943394
4720 0.943969
4721 0.943849
4722 0.9422
4723 0.942328
4724 0.938646
4725 0.939041
4726 0.941038
4727 0.942823
4728 0.941768
4729 0.943231
4730 0.947889
4731 0.938234
4732 0.940154
4733 0.944051
4734 0.940956
4735 0.942452
4736 0.944342
4737 0.942027
4738 0.940365
4739 0.943555
4740 0.939272
4741 0.94679
4742 0.939197
4743 0.944157
4744 0.941507
4745 0.942571
4746 0.943039
4747 0.949793
4748 0.939612
4749 0.94747
4750 0.943407
4751 0.943421
4752 0.942412
4753 0.944992
4754 0.942002
4755 0.944667
4756 0.942166
4757 0.945669
4758 0.946015
4759 0.947158
4760 0.940045
4761 0.942272
4762 0.945506
4763 0.944257
4764 0.941189
4765 0.94163
4766 0.940783
4767 0.939767
4768 0.943013
4769 0.937884
4770 0.947007
4771 0.939887
4772 0.939629
4773 0.939768
4774 0.945353
4775 0.945727
4776 0.942679
4777 0.943525
4778 0.944987
4779 0.942769
4780 0.938704
4781 0.942064
4782 0.94292
4783 0.943518
4784 0.943192
4785 0.943692
4786 0.943114
4787 0.942849
4788 0.943521
4789 0.945558
4790 0.938333
4791 0.943684
4792 0.942017
4793 0.942016
4794 0.944095
4795 0.939507
4796 0.949882
4797 0.944529
4798 0.941361
4799 0.943068
4800 0.944782
4801 0.942437
4802 0.946659
4803 0.936395
4804 0.949458
4805 0.951296
4806 0.94351
4807 0.942838
4808 0.942479
4809 0.939786
4810 0.9441
4811 0.940549
4812 0.949092
4813 0.940111
4814 0.949907
4815 0.944217
4816 0.939897
4817 0.941694
4818 0.943206
4819 0.938999
4820 0.945061
4821 0.942428
4822 0.940063
4823 0.941538
4824 0.940078
4825 0.942617
4826 0.941383
4827 0.942499
4828 0.942445
4829 0.942767
4830 0.941885
4831 0.945222
4832 0.942249
4833 0.940635
4834 0.939762
4835 0.944205
4836 0.940953
4837 0.937916
4838 0.940718
4839 0.941406
4840 0.944538
4841 0.943121
4842 0.949994
4843 0.946749
4844 0.941084
4845 0.945738
4846 0.944889
4847 0.938953
4848 0.942899
4849 0.951296
4850 0.941351
4851 0.940588
4852 0.941301
4853 0.942262
4854 0.944953
4855 0.942469
4856 0.944767
4857 0.950217
4858 0.946531
4859 0.942303
4860 0.943732
4861 0.945462
4862 0.947994
4863 0.943036
4864 0.944766
4865 0.94599
4866 0.942972
4867 0.944493
4868 0.95133
4869 0.943927
4870 0.950604
4871 0.940982
4872 0.948555
4873 0.946845
4874 0.946975
4875 0.943048
4876 0.943382
4877 0.94773
4878 0.944154
4879 0.94451
4880 0.94674
4881 0.942063
4882 0.943354
4883 0.944904
4884 0.949304
4885 0.94879
4886 0.941139
4887 0.943071
4888 0.940079
4889 0.944192
4890 0.948689
4891 0.940428
4892 0.943485
4893 0.946267
4894 0.941776
4895 0.944045
4896 0.952053
4897 0.942571
4898 0.948533
4899 0.943486
4900 0.944417
4901 0.946162
4902 0.937741
4903 0.943328
4904 0.941951
4905 0.944502
4906 0.944794
4907 0.944415
4908 0.943619
4909 0.946852
4910 0.942558
4911 0.941773
4912 0.948237
4913 0.942495
4914 0.942397
4915 0.943091
4916 0.943194
4917 0.941496
4918 0.944136
4919 0.944495
4920 0.947078
4921 0.946987
4922 0.941997
4923 0.948012
4924 0.942078
4925 0.949403
4926 0.944692
4927 0.948129
4928 0.942172
4929 0.946407
4930 0.951291
4931 0.942599
4932 0.943091
4933 0.950648
4934 0.945102
4935 0.943697
4936 0.941913
4937 0.946
4938 0.946035
4939 0.940579
4940 0.938292
4941 0.942549
4942 0.942263
4943 0.943931
4944 0.943406
4945 0.947851
4946 0.942946
4947 0.943342
4948 0.941407
4949 0.940414
4950 0.944207
4951 0.941488
4952 0.947127
4953 0.947429
4954 0.944138
4955 0.944423
4956 0.94817
4957 0.944302
4958 0.942163
4959 0.943399
4960 0.943585
4961 0.944447
4962 0.940932
4963 0.942462
4964 0.942906
4965 0.944762
4966 0.941868
4967 0.948574
4968 0.94244
4969 0.942976
4970 0.944795
4971 0.940348
4972 0.942988
4973 0.945713
4974 0.942869
4975 0.945013
4976 0.945659
4977 0.937049
4978 0.948149
4979 0.940969
4980 0.939699
4981 0.966811
4982 0.975396
4983 0.973568
4984 0.977054
4985 0.972677
4986 0.970404
4987 0.976855
4988 0.971073
4989 0.969279
4990 0.972332
4991 0.972185
4992 0.972758
4993 0.972168
4994 0.974757
4995 0.969382
4996 0.970898
4997 0.969489
4998 0.97486
4999 0.971664
5000 0.974376
5001 0.974631
5002 0.97308
5003 0.97329
5004 0.972489
5005 0.970465
5006 0.972888
5007 0.970137
5008 0.974019
5009 0.967728
5010 0.972635
5011 0.973556
5012 0.973389
5013 0.971661
5014 0.974785
5015 0.973391
5016 0.973962
5017 0.970933
5018 0.969379
5019 0.974693
5020 0.966792
5021 0.97454
5022 0.970399
5023 0.974019
5024 0.971998
5025 0.974455
5026 0.973405
5027 0.976477
5028 0.972153
5029 0.974801
5030 0.973612
5031 0.974902
5032 0.972014
5033 0.971504
5034 0.974229
5035 0.974785
5036 0.972638
5037 0.970917
5038 0.975453
5039 0.971075
5040 0.97571
5041 0.969737
5042 0.973016
5043 0.970751
5044 0.973131
5045 0.971124
5046 0.973537
5047 0.972911
5048 0.972297
5049 0.975128
5050 0.969574
5051 0.972668
5052 0.974938
5053 0.973338
5054 0.973299
5055 0.971737
5056 0.973624
5057 0.976915
5058 0.970595
5059 0.973032
5060 0.975231
5061 0.974694
5062 0.974698
5063 0.977525
5064 0.973594
5065 0.975594
5066 0.971194
5067 0.974316
5068 0.974893
5069 0.97277
5070 0.973971
5071 0.97232
5072 0.972425
5073 0.97282
5074 0.97486
5075 0.970024
5076 0.973062
5077 0.973607
5078 0.976443
5079 0.973461
5080 0.972264
5081 0.973119
5082 0.975185
5083 0.970951
5084 0.971208
5085 0.975886
5086 0.972662
5087 0.975237
5088 0.971501
5089 0.974719
5090 0.974943
5091 0.976332
5092 0.972519
5093 0.973701
5094 0.973488
5095 0.973044
5096 0.976598
5097 0.970345
5098 0.976083
5099 0.972243
5100 0.972499
5101 0.971029
5102 0.97266
5103 0.974333
5104 0.974339
5105 0.975948
5106 0.974657
5107 0.975093
5108 0.97459
5109 0.972884
5110 0.972731
5111 0.974869
5112 0.976707
5113 0.973385
5114 0.971869
5115 0.971595
5116 0.969789
5117 0.97371
5118 0.977656
5119 0.972117
5120 0.973913
5121 0.977263
5122 0.977804
5123 0.973168
5124 0.973577
5125 0.972246
5126 0.972367
5127 0.977351
5128 0.97207
5129 0.973537
5130 0.976335
5131 0.973792
5132 0.974098
5133 0.975976
5134 0.974186
5135 0.969717
5136 0.974132
5137 0.971058
5138 0.973642
5139 0.975132
5140 0.974265
5141 0.974271
5142 0.973763
5143 0.969238
5144 0.974151
5145 0.968276
5146 0.973595
5147 0.971803
5148 0.972541
5149 0.973566
5150 0.970051
5151 0.974112
5152 0.973652
5153 0.970002
5154 0.973036
5155 0.975441
5156 0.973204
5157 0.972218
5158 0.975845
5159 0.975395
5160 0.973541
5161 0.976248
5162 0.975657
5163 0.973076
5164 0.975082
5165 0.973437
5166 0.973601
5167 0.975283
5168 0.975068
5169 0.973232
5170 0.974911
5171 0.975795
5172 0.971201
5173 0.974832
5174 0.975074
5175 0.974125
5176 0.97512
5177 0.969531
5178 0.973692
5179 0.973139
5180 0.974816
5181 0.974553
5182 0.971774
5183 0.975394
5184 0.975549
5185 0.97565
5186 0.974558
5187 0.976565
5188 0.975661
5189 0.972749
5190 0.972553
5191 0.976246
5192 0.973527
5193 0.971958
5194 0.970068
5195 0.973153
5196 0.974206
5197 0.974871
5198 0.974607
5199 0.976502
5200 0.975258
5201 0.973874
5202 0.974932
5203 0.973536
5204 0.972465
5205 0.975389
5206 0.971871
5207 0.976566
5208 0.973405
5209 0.975502
5210 0.976083
5211 0.976517
5212 0.971391
5213 0.973404
5214 0.973414
5215 0.975573
5216 0.969376
5217 0.97278
5218 0.973951
5219 0.973884
5220 0.972063
5221 0.970848
5222 0.974205
5223 0.974992
5224 0.973941
5225 0.973293
5226 0.971984
5227 0.976331
5228 0.975799
5229 0.974834
5230 0.974686
5231 0.972091
5232 0.973056
5233 0.97411
5234 0.972322
5235 0.974198
5236 0.973302
5237 0.973598
5238 0.975968
5239 0.972298
5240 0.974376
5241 0.975646
5242 0.975724
5243 0.972171
5244 0.974053
5245 0.974181
5246 0.972724
5247 0.972256
5248 0.975335
5249 0.973663
5250 0.972558
5251 0.974669
5252 0.970575
5253 0.975512
5254 0.973709
5255 0.970765
5256 0.974496
5257 0.975746
5258 0.974964
5259 0.972213
5260 0.974859
5261 0.972485
5262 0.972517
5263 0.973812
5264 0.971424
5265 0.973371
5266 0.975876
5267 0.974398
5268 0.971391
5269 0.973351
5270 0.975155
5271 0.972384
5272 0.975568
5273 0.972145
5274 0.973748
5275 0.973859
5276 0.971869
5277 0.972293
5278 0.969866
5279 0.973618
5280 0.973163
5281 0.97403
5282 0.970438
5283 0.973381
5284 0.974127
5285 0.975713
5286 0.970131
5287 0.970568
5288 0.977303
5289 0.970308
5290 0.96883
5291 0.976397
5292 0.970059
5293 0.973237
5294 0.974596
5295 0.971167
5296 0.97313
5297 0.972937
5298 0.974214
5299 0.971638
5300 0.970602
5301 0.974296
5302 0.971474
5303 0.976987
5304 0.976684
5305 0.973029
5306 0.972354
5307 0.970159
5308 0.973948
5309 0.970634
5310 0.973326
5311 0.972695
5312 0.975297
5313 0.974018
5314 0.975393
5315 0.974415
5316 0.972193
5317 0.971738
5318 0.972094
5319 0.972691
5320 0.969561
5321 0.970259
5322 0.970444
5323 0.972323
5324 0.973526
5325 0.976253
5326 0.975879
5327 0.975195
5328 0.972961
5329 0.971657
5330 0.970867
5331 0.974508
5332 0.973532
5333 0.9731
5334 0.970679
5335 0.975574
5336 0.971804
5337 0.97145
5338 0.973469
5339 0.974353
5340 0.975659
5341 0.970618
5342 0.974691
5343 0.975634
5344 0.972778
5345 0.973992
5346 0.974848
5347 0.974466
5348 0.971384
5349 0.97302
5350 0.972294
5351 0.973332
5352 0.975543
5353 0.97418
5354 0.97403
5355 0.975758
5356 0.975649
5357 0.97351
5358 0.971487
5359 0.974337
5360 0.973188
5361 0.976053
5362 0.976083
5363 0.9749
5364 0.973405
5365 0.975124
5366 0.971359
5367 0.973722
5368 0.97371
5369 0.972194
5370 0.975584
5371 0.976153
5372 0.974991
5373 0.975142
5374 0.976288
5375 0.974957
5376 0.968643
5377 0.975232
5378 0.97571
5379 0.973294
5380 0.973085
5381 0.974359
5382 0.973285
5383 0.973248
5384 0.974165
5385 0.973847
5386 0.971923
5387 0.973879
5388 0.974944
5389 0.976504
5390 0.972052
5391 0.975077
5392 0.972949
5393 0.973262
5394 0.972216
5395 0.97509
5396 0.972935
5397 0.975022
5398 0.97265
5399 0.972491
5400 0.973396
5401 0.974027
5402 0.975867
5403 0.971275
5404 0.976407
5405 0.975819
5406 0.971858
5407 0.976314
5408 0.974987
5409 0.974395
5410 0.972317
5411 0.972802
5412 0.970509
5413 0.974627
5414 0.975891
5415 0.973548
5416 0.974603
5417 0.97162
5418 0.97466
5419 0.973304
5420 0.973708
5421 0.973944
5422 0.971896
5423 0.974829
5424 0.97151
5425 0.9742
5426 0.975314
5427 0.974158
5428 0.97024
5429 0.97601
5430 0.975179
5431 0.974218
5432 0.972872
5433 0.975016
5434 0.97188
5435 0.974123
5436 0.971973
5437 0.973837
5438 0.971116
5439 0.973463
5440 0.973173
5441 0.973727
5442 0.973551
5443 0.972448
5444 0.970891
5445 0.974076
5446 0.976628
5447 0.973674
5448 0.97309
5449 0.974208
5450 0.972525
5451 0.974893
5452 0.973191
5453 0.970094
5454 0.972922
5455 0.974477
5456 0.976461
5457 0.974398
5458 0.974076
5459 0.974126
5460 0.971788
5461 0.975218
5462 0.973828
5463 0.970946
5464 0.972966
5465 0.975521
5466 0.971792
5467 0.97585
5468 0.976853
5469 0.974371
5470 0.974726
5471 0.976328
5472 0.97202
5473 0.974478
5474 0.971988
5475 0.974963
5476 0.970858
5477 0.973878
5478 0.976216
5479 0.971254
5480 0.975195
5481 0.976091
5482 0.976193
5483 0.973799
5484 0.97277
5485 0.976936
5486 0.972013
5487 0.974786
5488 0.974487
5489 0.974172
5490 0.97359
5491 0.974225
5492 0.972732
5493 0.977431
5494 0.973295
5495 0.972889
5496 0.97549
5497 0.973035
5498 0.975587
5499 0.974878
5500 0.971163
5501 0.975429
5502 0.97508
5503 0.977165
5504 0.972164
5505 0.968941
5506 0.975664
5507 0.976334
5508 0.971346
5509 0.974412
5510 0.975049
5511 0.971965
5512 0.976113
5513 0.973947
5514 0.976365
5515 0.975718
5516 0.975327
5517 0.972023
5518 0.974861
5519 0.973423
5520 0.975529
5521 0.971902
5522 0.97541
5523 0.970732
5524 0.976087
5525 0.972436
5526 0.974503
5527 0.970945
5528 0.97537
5529 0.974494
5530 0.975834
5531 0.975906
5532 0.973429
5533 0.976358
5534 0.973984
5535 0.972721
5536 0.972831
5537 0.971656
5538 0.973131
5539 0.971453
5540 0.974899
5541 0.974066
5542 0.97439
5543 0.973863
5544 0.973704
5545 0.974757
5546 0.973812
5547 0.973628
5548 0.976826
5549 0.975826
5550 0.97086
5551 0.975021
5552 0.974122
5553 0.970707
5554 0.974671
5555 0.973013
5556 0.974423
5557 0.976994
5558 0.974911
5559 0.972821
5560 0.972485
5561 0.976486
5562 0.974194
5563 0.973187
5564 0.97015
5565 0.969072
5566 0.973933
5567 0.974812
5568 0.975803
5569 0.973423
5570 0.970916
5571 0.974871
5572 0.97491
5573 0.971895
5574 0.97183
5575 0.971544
5576 0.971715
5577 0.973361
5578 0.975512
5579 0.972838
5580 0.972179
5581 0.974121
5582 0.974866
5583 0.973107
5584 0.973651
5585 0.974465
5586 0.973608
5587 0.968859
5588 0.973523
5589 0.97468
5590 0.974588
5591 0.973273
5592 0.97033
5593 0.973287
5594 0.973584
5595 0.975547
5596 0.970106
5597 0.970823
5598 0.976649
5599 0.968262
5600 0.971442
5601 0.973488
5602 0.971651
5603 0.971385
5604 0.972488
5605 0.972922
5606 0.973009
5607 0.971595
5608 0.972557
5609 0.97637
5610 0.974226
5611 0.971978
5612 0.975522
5613 0.974155
5614 0.97485
5615 0.974524
5616 0.976817
5617 0.974324
5618 0.976164
5619 0.97391
5620 0.969688
5621 0.973537
5622 0.975061
5623 0.971979
5624 0.973178
5625 0.975355
5626 0.972316
5627 0.974005
5628 0.97419
5629 0.976154
5630 0.974397
5631 0.973166
5632 0.976036
5633 0.977415
5634 0.975016
5635 0.975173
5636 0.974624
5637 0.975681
5638 0.974399
5639 0.970527
5640 0.975943
5641 0.972823
5642 0.973183
5643 0.972224
5644 0.973827
5645 0.972515
5646 0.971612
5647 0.971441
5648 0.974666
5649 0.975951
5650 0.973431
5651 0.970953
5652 0.973713
5653 0.972105
5654 0.972944
5655 0.972137
5656 0.973956
5657 0.97484
5658 0.973284
5659 0.973713
5660 0.970639
5661 0.975996
5662 0.973156
5663 0.9734
5664 0.974698
5665 0.974152
5666 0.97461
5667 0.973543
5668 0.973091
5669 0.976011
5670 0.973037
5671 0.974435
5672 0.973189
5673 0.973334
5674 0.975146
5675 0.975401
5676 0.973698
5677 0.975708
5678 0.976589
5679 0.971243
5680 0.977477
5681 0.975616
5682 0.973781
5683 0.975471
5684 0.973678
5685 0.976086
5686 0.976701
5687 0.97491
5688 0.973399
5689 0.975146
5690 0.973357
5691 0.975712
5692 0.975582
5693 0.975141
5694 0.973042
5695 0.973289
5696 0.977645
5697 0.976009
5698 0.974432
5699 0.973395
5700 0.975901
5701 0.971785
5702 0.974003
5703 0.972016
5704 0.976079
5705 0.973207
5706 0.972184
5707 0.976744
5708 0.97328
5709 0.974839
5710 0.972781
5711 0.974758
5712 0.975468
5713 0.975317
5714 0.97425
5715 0.97272
5716 0.972906
5717 0.975495
5718 0.976745
5719 0.976987
5720 0.977227
5721 0.976584
5722 0.975373
5723 0.975946
5724 0.973933
5725 0.971185
5726 0.974204
5727 0.974128
5728 0.974649
5729 0.974261
5730 0.974684
5731 0.976441
5732 0.973827
5733 0.974185
5734 0.973594
5735 0.974575
5736 0.974866
5737 0.976019
5738 0.974208
5739 0.973979
5740 0.975191
5741 0.976354
5742 0.97595
5743 0.972515
5744 0.974601
5745 0.975311
5746 0.972421
5747 0.974796
5748 0.973431
5749 0.974683
5750 0.975694
5751 0.972543
5752 0.973527
5753 0.975386
5754 0.975146
5755 0.973367
5756 0.975161
5757 0.973228
5758 0.975543
5759 0.971667
5760 0.975212
5761 0.976195
5762 0.976907
5763 0.972629
5764 0.973053
5765 0.974422
5766 0.97509
5767 0.97558
5768 0.973324
5769 0.974319
5770 0.973562
5771 0.974008
5772 0.977309
5773 0.976263
5774 0.973217
5775 0.972211
5776 0.974965
5777 0.970545
5778 0.970211
5779 0.973979
5780 0.972009
5781 0.976236
5782 0.975259
5783 0.974769
5784 0.975636
5785 0.975101
5786 0.976271
5787 0.974675
5788 0.974696
5789 0.976381
5790 0.973459
5791 0.976292
5792 0.97388
5793 0.976166
5794 0.975885
5795 0.975991
5796 0.970754
5797 0.973473
5798 0.973886
5799 0.973231
5800 0.972763
5801 0.974285
5802 0.97357
5803 0.975458
5804 0.976142
5805 0.975317
5806 0.977409
5807 0.974055
5808 0.970832
5809 0.974178
5810 0.972737
5811 0.975914
5812 0.972379
5813 0.976184
5814 0.974864
5815 0.977072
5816 0.971981
5817 0.974866
5818 0.972874
5819 0.974999
5820 0.975678
5821 0.97509
5822 0.975933
5823 0.974838
5824 0.976079
5825 0.973627
5826 0.974873
5827 0.972586
5828 0.974914
5829 0.976289
5830 0.970645
5831 0.973178
5832 0.977538
5833 0.975907
5834 0.973414
5835 0.975801
5836 0.973903
5837 0.976678
5838 0.974727
5839 0.974301
5840 0.973405
5841 0.977549
5842 0.972339
5843 0.975046
5844 0.971861
5845 0.975125
5846 0.975043
5847 0.973523
5848 0.975191
5849 0.973258
5850 0.974636
5851 0.973638
5852 0.973266
5853 0.97563
5854 0.975679
5855 0.974018
5856 0.976747
5857 0.973835
5858 0.974086
5859 0.973244
5860 0.972295
5861 0.974493
5862 0.974873
5863 0.971595
5864 0.975726
5865 0.973379
5866 0.977025
5867 0.975737
5868 0.974132
5869 0.972749
5870 0.975798
5871 0.975041
5872 0.974113
5873 0.976078
5874 0.974864
5875 0.975396
5876 0.973903
5877 0.974903
5878 0.976957
5879 0.976934
5880 0.975318
5881 0.973624
5882 0.97462
5883 0.974079
5884 0.97642
5885 0.975518
5886 0.975609
5887 0.976575
5888 0.971773
5889 0.977513
5890 0.97277
5891 0.975991
5892 0.976503
5893 0.973972
5894 0.974298
5895 0.97602
5896 0.976856
5897 0.975034
5898 0.974669
5899 0.979782
5900 0.974878
5901 0.974684
5902 0.976548
5903 0.976377
5904 0.977189
5905 0.974693
5906 0.976122
5907 0.978677
5908 0.975946
5909 0.975825
5910 0.975173
5911 0.978161
5912 0.97344
5913 0.976871
5914 0.975035
5915 0.976072
5916 0.97705
5917 0.976737
5918 0.97579
5919 0.976368
5920 0.976248
5921 0.976145
5922 0.976531
5923 0.97716
5924 0.975527
5925 0.977981
5926 0.977789
5927 0.978647
5928 0.976457
5929 0.977278
5930 0.976835
5931 0.976688
5932 0.977278
5933 0.978853
5934 0.974668
5935 0.976159
5936 0.976992
5937 0.975442
5938 0.975387
5939 0.976882
5940 0.976182
5941 0.974962
5942 0.977037
5943 0.975774
5944 0.976172
5945 0.977438
5946 0.977895
5947 0.978375
5948 0.974748
5949 0.9756
5950 0.977167
5951 0.975195
5952 0.979371
5953 0.973189
5954 0.976279
5955 0.975606
5956 0.976682
5957 0.977167
5958 0.976598
5959 0.975196
5960 0.977238
5961 0.975996
5962 0.976673
5963 0.97595
5964 0.976419
5965 0.976193
5966 0.976856
5967 0.977628
5968 0.978439
5969 0.976971
5970 0.975758
5971 0.976466
5972 0.97678
5973 0.97634
5974 0.976106
5975 0.974205
5976 0.975894
5977 0.97535
5978 0.977571
5979 0.976435
5980 0.978208
5981 0.976856
5982 0.975339
5983 0.97637
5984 0.976485
5985 0.977588
5986 0.975849
5987 0.978263
5988 0.9759
5989 0.976836
5990 0.976144
5991 0.975216
5992 0.975604
5993 0.976307
5994 0.975001
5995 0.975726
5996 0.976135
5997 0.977162
5998 0.97471
5999 0.973597
6000 0.977382
6001 0.974728
6002 0.977396
6003 0.975739
6004 0.976666
6005 0.977512
6006 0.975995
6007 0.976699
6008 0.977617
6009 0.976435
6010 0.976097
6011 0.976396
6012 0.975793
6013 0.976145
6014 0.976624
6015 0.976101
6016 0.976383
6017 0.977121
6018 0.978338
6019 0.975797
6020 0.977627
6021 0.976009
6022 0.976796
6023 0.975814
6024 0.977672
6025 0.976882
6026 0.975684
6027 0.975556
6028 0.975143
6029 0.975591
6030 0.975567
6031 0.975213
6032 0.976224
6033 0.97618
6034 0.974245
6035 0.974715
6036 0.975863
6037 0.975685
6038 0.976013
6039 0.975899
6040 0.977512
6041 0.977045
6042 0.97797
6043 0.976996
6044 0.974784
6045 0.976118
6046 0.975739
6047 0.97666
6048 0.974371
6049 0.975703
6050 0.976928
6051 0.975759
6052 0.977916
6053 0.975455
6054 0.975101
6055 0.976668
6056 0.976615
6057 0.974837
6058 0.97615
6059 0.976941
6060 0.974504
6061 0.975023
6062 0.975941
6063 0.97568
6064 0.974593
6065 0.976696
6066 0.977634
6067 0.976743
6068 0.97629
6069 0.976004
6070 0.976602
6071 0.976858
6072 0.976663
6073 0.975636
6074 0.975841
6075 0.97678
6076 0.97645
6077 0.976666
6078 0.974941
6079 0.977846
6080 0.97716
6081 0.975671
6082 0.97611
6083 0.975904
6084 0.975811
6085 0.977399
6086 0.97683
6087 0.975895
6088 0.976646
6089 0.975859
6090 0.977079
6091 0.975055
6092 0.978246
6093 0.97673
6094 0.975611
6095 0.97642
6096 0.974688
6097 0.976087
6098 0.976775
6099 0.975946
6100 0.976371
6101 0.978692
6102 0.975683
6103 0.977297
6104 0.975578
6105 0.9748
6106 0.976104
6107 0.976118
6108 0.976898
6109 0.975959
6110 0.975664
6111 0.977289
6112 0.975087
6113 0.977599
6114 0.975489
6115 0.976367
6116 0.97543
6117 0.976307
6118 0.976238
6119 0.975488
6120 0.974915
6121 0.977243
6122 0.977225
6123 0.977553
6124 0.977275
6125 0.975485
6126 0.974777
6127 0.976151
6128 0.977015
6129 0.976051
6130 0.976554
6131 0.973529
6132 0.975685
6133 0.975134
6134 0.9773
6135 0.976053
6136 0.97668
6137 0.975357
6138 0.976797
6139 0.977095
6140 0.977829
6141 0.976006
6142 0.976994
6143 0.974223
6144 0.978129
6145 0.975682
6146 0.975144
6147 0.974685
6148 0.975804
6149 0.97579
6150 0.978079
6151 0.976781
6152 0.974888
6153 0.977476
6154 0.975788
6155 0.975835
6156 0.974046
6157 0.977091
6158 0.973893
6159 0.976111
6160 0.97502
6161 0.975024
6162 0.975703
6163 0.975222
6164 0.974443
6165 0.977382
6166 0.977074
6167 0.976054
6168 0.97702
6169 0.974676
6170 0.975675
6171 0.975328
6172 0.975549
6173 0.976152
6174 0.977328
6175 0.977645
6176 0.975923
6177 0.97573
6178 0.974861
6179 0.975776
6180 0.976338
6181 0.977466
6182 0.975036
6183 0.97815
6184 0.976654
6185 0.976567
6186 0.976744
6187 0.975156
6188 0.976986
6189 0.976582
6190 0.975752
6191 0.977037
6192 0.977196
6193 0.976922
6194 0.976032
6195 0.974788
6196 0.975331
6197 0.97659
6198 0.974563
6199 0.974616
6200 0.976992
6201 0.976316
6202 0.977564
6203 0.974893
6204 0.976964
6205 0.976913
6206 0.977656
6207 0.976549
6208 0.976099
6209 0.974373
6210 0.975484
6211 0.97483
6212 0.977454
6213 0.976734
6214 0.977285
6215 0.97527
6216 0.977144
6217 0.977406
6218 0.976962
6219 0.973955
6220 0.974441
6221 0.975264
6222 0.975818
6223 0.977475
6224 0.976502
6225 0.976126
6226 0.978563
6227 0.974728
6228 0.976901
6229 0.97693
6230 0.977143
6231 0.976698
6232 0.975231
6233 0.973773
6234 0.975181
6235 0.973842
6236 0.976457
6237 0.975409
6238 0.975145
6239 0.9758
6240 0.975875
6241 0.977683
6242 0.976737
6243 0.976756
6244 0.976367
6245 0.97541
6246 0.976399
6247 0.975187
6248 0.975816
6249 0.97732
6250 0.977185
6251 0.976414
6252 0.976701
6253 0.97599
6254 0.97788
6255 0.97582
6256 0.97582
6257 0.975728
6258 0.976501
6259 0.976234
6260 0.978308
6261 0.976201
6262 0.97649
6263 0.97594
6264 0.975516
6265 0.975849
6266 0.976293
6267 0.975693
6268 0.977274
6269 0.977756
6270 0.978597
6271 0.975525
6272 0.977013
6273 0.976435
6274 0.977049
6275 0.975016
6276 0.976099
6277 0.976286
6278 0.977795
6279 0.975757
6280 0.975926
6281 0.973817
6282 0.973935
6283 0.974608
6284 0.97588
6285 0.976122
6286 0.975257
6287 0.974066
6288 0.976444
6289 0.977465
6290 0.975903
6291 0.97839
6292 0.978202
6293 0.973638
6294 0.976336
6295 0.975351
6296 0.975408
6297 0.975846
6298 0.978312
6299 0.973348
6300 0.976231
6301 0.977425
6302 0.974635
6303 0.978152
6304 0.975764
6305 0.975509
6306 0.975501
6307 0.975843
6308 0.97518
6309 0.976188
6310 0.974952
6311 0.975852
6312 0.976526
6313 0.97627
6314 0.975577
6315 0.976766
6316 0.976291
6317 0.972125
6318 0.978063
6319 0.976689
6320 0.976078
6321 0.974149
6322 0.973382
6323 0.975263
6324 0.975205
6325 0.976677
6326 0.976854
6327 0.977341
6328 0.975927
6329 0.976453
6330 0.97687
6331 0.974361
6332 0.975903
6333 0.975025
6334 0.976368
6335 0.973126
6336 0.977704
6337 0.97388
6338 0.973925
6339 0.976778
6340 0.975336
6341 0.978171
6342 0.976121
6343 0.977668
6344 0.976893
6345 0.977633
6346 0.976163
6347 0.974439
6348 0.977364
6349 0.976476
6350 0.975075
6351 0.976637
6352 0.977022
6353 0.97552
6354 0.97511
6355 0.976181
6356 0.974546
6357 0.977359
6358 0.976209
6359 0.975009
6360 0.97569
6361 0.977187
6362 0.975852
6363 0.975391
6364 0.976182
6365 0.975173
6366 0.976944
6367 0.976278
6368 0.976779
6369 0.975915
6370 0.976482
6371 0.97508
6372 0.97756
6373 0.977201
6374 0.975555
6375 0.976101
6376 0.972713
6377 0.97506
6378 0.975267
6379 0.977174
6380 0.974149
6381 0.974418
6382 0.974699
6383 0.975764
6384 0.975443
6385 0.977951
6386 0.975028
6387 0.974448
6388 0.976873
6389 0.977206
6390 0.9743
6391 0.975216
6392 0.97704
6393 0.975204
6394 0.973633
6395 0.975879
6396 0.975645
6397 0.977135
6398 0.974999
6399 0.976132
6400 0.976247
6401 0.975424
6402 0.975426
6403 0.977671
6404 0.976867
6405 0.974261
6406 0.973536
6407 0.978284
6408 0.976986
6409 0.974109
6410 0.974189
6411 0.975421
6412 0.974759
6413 0.975593
6414 0.97625
6415 0.974116
6416 0.974425
6417 0.975755
6418 0.976927
6419 0.97725
6420 0.976633
6421 0.973983
6422 0.976543
6423 0.975381
6424 0.97603
6425 0.977322
6426 0.973466
6427 0.974462
6428 0.975603
6429 0.975072
6430 0.976976
6431 0.975623
6432 0.976838
6433 0.972756
6434 0.975783
6435 0.976938
6436 0.976785
6437 0.97517
6438 0.976435
6439 0.977694
6440 0.975495
6441 0.978468
6442 0.975624
6443 0.975845
6444 0.978659
6445 0.976964
6446 0.975059
6447 0.975216
6448 0.976867
6449 0.975289
6450 0.978578
6451 0.976785
6452 0.977247
6453 0.977125
6454 0.97663
6455 0.978202
6456 0.97738
6457 0.977582
6458 0.974654
6459 0.976692
6460 0.976405
6461 0.977074
6462 0.977446
6463 0.975575
6464 0.976662
6465 0.973889
6466 0.975085
6467 0.976731
6468 0.973874
6469 0.974028
6470 0.973729
6471 0.975436
6472 0.976583
6473 0.978052
6474 0.975236
6475 0.974605
6476 0.978029
6477 0.979099
6478 0.97542
6479 0.976912
6480 0.97461
6481 0.976786
6482 0.974405
6483 0.975332
6484 0.974317
6485 0.974641
6486 0.975665
6487 0.973846
6488 0.975724
6489 0.973693
6490 0.975247
6491 0.976115
6492 0.974221
6493 0.973236
6494 0.975674
6495 0.975408
6496 0.97498
6497 0.975667
6498 0.976587
6499 0.974183
6500 0.977978
6501 0.976107
6502 0.976677
6503 0.975041
6504 0.976598
6505 0.976375
6506 0.975762
6507 0.973666
6508 0.976502
6509 0.977001
6510 0.976426
6511 0.974978
6512 0.976847
6513 0.977669
6514 0.975463
6515 0.978249
6516 0.975052
6517 0.976011
6518 0.976764
6519 0.976239
6520 0.974902
6521 0.975051
6522 0.976773
6523 0.977282
6524 0.976546
6525 0.976686
6526 0.976518
6527 0.976689
6528 0.97385
6529 0.973737
6530 0.976574
6531 0.976395
6532 0.975666
6533 0.975454
6534 0.974545
6535 0.978107
6536 0.976233
6537 0.976341
6538 0.97453
6539 0.974558
6540 0.974688
6541 0.97667
6542 0.977493
6543 0.977107
6544 0.975383
6545 0.974832
6546 0.97591
6547 0.973535
6548 0.976302
6549 0.974674
6550 0.975203
6551 0.976226
6552 0.97467
6553 0.975085
6554 0.976641
6555 0.975597
6556 0.976039
6557 0.976873
6558 0.97723
6559 0.977354
6560 0.975742
6561 0.978346
6562 0.972762
6563 0.976235
6564 0.975251
6565 0.975284
6566 0.975017
6567 0.976807
6568 0.977148
6569 0.975488
6570 0.976663
6571 0.976585
6572 0.975202
6573 0.9729
6574 0.976639
6575 0.977637
6576 0.975326
6577 0.977937
6578 0.975258
6579 0.976063
6580 0.977546
6581 0.975981
6582 0.977238
6583 0.975083
6584 0.976552
6585 0.974542
6586 0.976216
6587 0.975387
6588 0.975519
6589 0.973638
6590 0.977983
6591 0.9762
6592 0.977315
6593 0.976273
6594 0.975483
6595 0.976516
6596 0.977285
6597 0.974988
6598 0.977006
6599 0.979471
6600 0.9766
6601 0.976563
6602 0.975746
6603 0.976988
6604 0.976256
6605 0.976765
6606 0.976237
6607 0.977819
6608 0.976627
6609 0.97556
6610 0.973557
6611 0.975906
6612 0.976317
6613 0.974275
6614 0.978001
6615 0.976847
6616 0.974924
6617 0.973895
6618 0.977352
6619 0.977166
6620 0.974943
6621 0.974436
6622 0.977479
6623 0.97717
6624 0.976721
6625 0.976665
6626 0.975833
6627 0.975288
6628 0.975755
6629 0.977215
6630 0.976599
6631 0.9762
6632 0.977423
6633 0.978206
6634 0.977365
6635 0.975496
6636 0.976389
6637 0.974334
6638 0.974662
6639 0.973956
6640 0.977453
6641 0.975369
6642 0.977884
6643 0.974902
6644 0.976211
6645 0.975549
6646 0.97646
6647 0.97587
6648 0.975488
6649 0.973775
6650 0.976419
6651 0.975995
6652 0.97651
6653 0.977268
6654 0.976107
6655 0.976889
6656 0.97654
6657 0.976283
6658 0.975766
6659 0.976201
6660 0.975044
6661 0.974158
6662 0.977274
6663 0.976976
6664 0.974886
6665 0.976987
6666 0.978072
6667 0.975694
6668 0.97519
6669 0.977875
6670 0.978061
6671 0.974778
6672 0.978049
6673 0.976551
6674 0.975869
6675 0.975034
6676 0.975601
6677 0.975388
6678 0.976145
6679 0.976601
6680 0.976431
6681 0.976443
6682 0.977199
6683 0.976575
6684 0.974413
6685 0.975636
6686 0.975431
6687 0.975467
6688 0.975774
6689 0.97673
6690 0.975975
6691 0.976295
6692 0.97551
6693 0.977004
6694 0.976866
6695 0.975855
6696 0.975809
6697 0.97582
6698 0.976122
6699 0.977438
6700 0.975051
6701 0.977195
6702 0.976967
6703 0.977413
6704 0.977481
6705 0.976375
6706 0.975971
6707 0.978159
6708 0.97627
6709 0.976623
6710 0.976059
6711 0.978018
6712 0.976062
6713 0.975911
6714 0.975139
6715 0.975445
6716 0.975981
6717 0.976648
6718 0.9759
6719 0.975909
6720 0.976341
6721 0.97809
6722 0.97585
6723 0.976029
6724 0.976514
6725 0.976837
6726 0.975612
6727 0.976435
6728 0.977613
6729 0.973932
6730 0.977393
6731 0.976692
6732 0.975848
6733 0.975904
6734 0.976511
6735 0.976051
6736 0.975241
6737 0.976032
6738 0.975669
6739 0.975136
6740 0.976555
6741 0.97597
6742 0.975509
6743 0.976375
6744 0.974243
6745 0.97604
6746 0.9777
6747 0.976125
6748 0.975646
6749 0.974296
6750 0.976253
6751 0.97632
6752 0.976591
6753 0.977298
6754 0.975446
6755 0.97642
6756 0.977515
6757 0.975899
6758 0.9775
6759 0.975946
6760 0.975603
6761 0.975379
6762 0.976282
6763 0.976703
6764 0.978171
6765 0.97559
6766 0.977198
6767 0.977302
6768 0.978259
6769 0.9763
6770 0.976091
6771 0.975456
6772 0.976836
6773 0.975804
6774 0.974445
6775 0.974656
6776 0.97663
6777 0.976469
6778 0.97771
6779 0.975631
6780 0.976733
6781 0.975717
6782 0.97402
6783 0.976147
6784 0.976772
6785 0.976081
6786 0.976015
6787 0.977474
6788 0.974155
6789 0.976842
6790 0.974781
6791 0.976278
6792 0.975856
6793 0.977399
6794 0.97545
6795 0.977525
6796 0.975368
6797 0.975939
6798 0.98284
6799 0.976524
6800 0.984758
6801 0.983106
6802 0.981343
6803 0.978047
6804 0.976589
6805 0.977403
6806 0.981734
6807 0.982462
6808 0.985332
6809 0.978573
6810 0.975262
6811 0.977295
6812 0.975027
6813 0.975921
6814 0.983627
6815 0.985499
6816 0.979884
6817 0.975953
6818 0.976147
6819 0.981364
6820 0.976058
6821 0.976755
6822 0.984928
6823 0.990186
